194
574
465
77
65
116
178
18
0
74
185
137
182
41
123
53
174
86
120
83
132
190
87
80
145
99
21
66
148
20
130
108
114
30
59
109
142
163
147
102
5
10
69
56
63
81
152
28
115
143
168
27
77
131
149
192
166
48
55
157
129
33
160
11
165
138
97
170
43
110
106
19
105
169
176
68
22
7
37
167
8
19
178
134
173
28
95
14
153
129
104
36
68
125
112
10
169
148
155
138
120
0 1 372 402
0 4 750 766
0 6 518 583
0 10 531 632
0 14 874 1027
0 15 487 625
0 19 466 480
0 20 712 999
0 21 774 784
0 27 768 805
0 28 787 1141
0 31 871 1200
0 32 755 988
0 35 534 626
0 45 875 1107
0 51 878 928
0 60 870 1303
0 61 586 631
0 64 573 797
0 65 870 974
0 66 880 957
0 72 893 940
0 76 864 1069
0 83 910 996
0 84 672 736
0 86 783 894
0 89 708 959
0 90 855 1081
0 99 988 1447
0 100 765 804
0 101 861 864
0 107 997 1080
0 108 872 1121
0 115 1068 1111
0 116 1085 1414
0 118 977 1324
0 127 1213 1266
0 129 1006 1287
0 141 1109 1123
0 142 1257 1550
0 146 1200 1590
0 147 1261 1744
0 148 1141 1261
0 151 1199 1369
0 154 1263 1300
0 162 1232 1578
0 167 1331 1665
0 170 1378 1756
0 172 1325 1623
0 174 1334 1486
0 180 1383 1528
0 183 1382 1989
0 184 1428 1944
0 190 1427 1487
0 192 1459 2171
0 193 1427 1941
1 2 195 226
1 4 412 461
1 17 487 600
1 19 609 844
1 23 489 591
1 30 591 870
1 34 606 714
1 36 575 798
1 38 590 702
1 39 599 740
1 41 617 814
1 46 602 799
1 56 573 612
1 57 616 739
1 59 571 844
1 60 622 823
1 61 591 838
1 63 600 652
1 64 713 973
1 66 636 665
1 74 608 873
1 78 671 813
1 79 641 896
1 84 781 1003
1 85 794 1122
1 88 730 1073
1 93 771 809
1 94 744 1046
1 98 776 835
1 105 806 995
1 119 970 1051
1 120 962 1374
1 121 938 1199
1 122 1013 1188
1 127 1031 1519
1 128 1020 1413
1 130 1016 1172
1 137 1060 1337
1 140 1071 1280
1 142 1109 1470
1 145 1105 1112
1 146 1102 1228
1 149 1108 1388
1 152 1121 1486
1 161 1200 1651
1 163 1204 1475
1 165 1238 1718
1 166 1230 1577
1 171 1278 1520
1 175 1299 1649
1 178 1293 1746
1 182 1318 1601
1 183 1318 1498
1 187 1349 1605
1 189 1365 1643
1 192 1377 1934
2 3 232 313
2 5 399 486
2 6 236 242
2 12 403 492
2 13 377 560
2 20 387 544
2 25 413 590
2 26 420 563
2 29 455 531
2 30 449 612
2 31 453 489
2 32 429 615
2 37 464 545
2 41 475 524
2 42 469 507
2 45 475 668
2 49 484 668
2 67 503 525
2 75 566 747
2 77 559 643
2 81 661 825
2 85 856 1243
2 90 636 651
2 94 656 702
2 100 790 857
2 104 711 948
2 105 718 988
2 108 770 1122
2 111 753 898
2 116 820 889
2 118 868 1103
2 120 862 1285
2 124 953 1133
2 126 977 1357
2 128 925 1073
2 130 931 1098
2 132 949 1272
2 133 1018 1143
2 134 953 1284
2 135 966 1358
2 137 1023 1285
2 141 1056 1557
2 142 1014 1215
2 149 1057 1475
2 150 1045 1540
2 158 1113 1288
2 160 1169 1247
2 161 1125 1266
2 162 1174 1303
2 168 1221 1458
2 171 1237 1636
2 174 1221 1319
2 180 1247 1506
2 184 1251 1767
2 187 1289 1395
2 188 1301 1890
2 191 1318 1467
2 192 1309 1931
3 4 384 453
3 6 161 226
3 13 261 269
3 17 376 408
3 19 480 688
3 21 422 570
3 23 365 412
3 27 423 540
3 28 437 638
3 29 518 702
3 35 416 553
3 41 527 652
3 45 521 653
3 47 521 538
3 49 537 620
3 54 534 625
3 56 460 613
3 58 430 504
3 59 453 504
3 60 522 687
3 62 502 719
3 65 525 591
3 70 434 575
3 78 551 635
3 81 510 531
3 82 561 809
3 92 603 788
3 93 622 684
3 98 626 701
3 99 669 923
3 100 627 913
3 105 675 683
3 108 656 947
3 109 731 810
3 110 697 954
3 112 681 960
3 113 709 1031
3 114 767 1006
3 118 762 1071
3 120 835 936
3 123 905 1034
3 128 889 1163
3 129 884 1081
3 135 919 1153
3 140 927 988
3 143 943 1285
3 151 971 1317
3 152 977 1197
3 154 1006 1058
3 155 1010 1298
3 156 1000 1158
3 157 1036 1210
3 162 1058 1358
3 163 1056 1449
3 164 1067 1401
3 166 1089 1537
3 172 1128 1428
3 173 1129 1409
3 179 1159 1240
3 184 1188 1736
3 186 1195 1609
3 190 1220 1796
3 191 1229 1545
4 5 509 615
4 8 108 109
4 11 155 196
4 15 493 536
4 19 773 1128
4 22 438 614
4 24 419 507
4 26 245 320
4 31 257 378
4 35 639 936
4 36 278 366
4 39 275 322
4 43 282 331
4 49 288 346
4 51 290 379
4 57 297 436
4 58 625 785
4 59 341 463
4 63 337 437
4 65 328 351
4 66 328 474
4 67 338 424
4 69 363 522
4 75 492 580
4 78 420 607
4 79 544 698
4 82 445 615
4 84 865 1170
4 86 547 625
4 88 741 1052
4 89 772 1018
4 90 518 532
4 91 497 507
4 92 516 519
4 100 760 1095
4 101 598 606
4 106 565 588
4 108 686 1019
4 109 574 730
4 135 809 826
4 136 947 1269
4 142 847 858
4 144 997 1038
4 145 978 1190
4 147 868 1156
4 151 923 1249
4 153 958 1360
4 154 906 1015
4 159 953 1206
4 161 976 1303
4 166 1011 1510
4 172 1105 1213
4 173 1106 1388
4 174 1094 1599
4 176 1095 1512
4 177 1083 1587
4 180 1109 1173
4 191 1184 1551
4 192 1164 1663
5 6 236 316
5 10 211 230
5 12 193 200
5 15 165 175
5 23 369 434
5 28 474 582
5 30 552 763
5 43 569 624
5 44 487 660
5 46 545 608
5 56 477 482
5 61 304 403
5 62 341 362
5 64 410 576
5 68 443 460
5 69 505 562
5 71 416 443
5 73 456 527
5 74 428 497
5 77 447 533
5 79 415 473
5 82 546 574
5 87 547 760
5 88 441 575
5 91 582 862
5 93 481 510
5 95 585 837
5 103 527 615
5 110 563 804
5 113 601 779
5 115 739 1012
5 116 756 997
5 118 670 901
5 128 846 1111
5 129 751 845
5 130 828 1130
5 137 812 989
5 139 816 858
5 142 932 1083
5 147 937 973
5 150 917 1290
5 156 908 1240
5 159 1023 1234
5 167 1022 1332
5 169 1048 1205
5 171 1026 1147
5 175 1039 1282
5 178 1045 1125
5 179 1081 1119
5 186 1096 1574
5 190 1128 1505
5 191 1137 1198
6 7 201 215
6 10 107 147
6 11 288 413
6 14 358 424
6 18 388 525
6 19 502 620
6 23 210 307
6 26 300 325
6 27 261 379
6 28 276 396
6 34 357 389
6 37 351 431
6 45 360 472
6 52 363 519
6 57 358 404
6 58 382 455
6 60 360 467
6 62 483 540
6 64 583 841
6 65 363 368
6 66 372 404
6 69 341 489
6 74 332 490
6 77 347 380
6 78 394 542
6 79 380 568
6 81 425 604
6 82 406 451
6 83 427 565
6 84 618 791
6 85 631 711
6 87 422 493
6 93 561 605
6 95 470 500
6 97 631 920
6 100 554 575
6 101 480 613
6 104 525 640
6 109 575 656
6 111 583 816
6 115 618 721
6 116 639 734
6 118 644 824
6 123 747 890
6 126 743 880
6 132 770 1010
6 133 786 987
6 135 774 1015
6 138 802 926
6 140 799 949
6 144 854 940
6 152 851 1221
6 153 856 1176
6 154 864 948
6 157 899 1049
6 158 907 1277
6 160 942 1105
6 162 948 1248
6 165 960 1043
6 166 954 1153
6 168 996 1225
6 175 1041 1111
6 190 1094 1293
7 8 440 467
7 10 150 213
7 13 171 214
7 14 538 553
7 15 101 134
7 16 219 325
7 17 347 490
7 18 560 798
7 19 307 431
7 20 335 488
7 21 405 444
7 30 494 719
7 31 507 595
7 33 480 694
7 35 226 332
7 36 451 537
7 37 498 596
7 38 474 692
7 41 514 534
7 46 484 579
7 49 524 644
7 51 506 679
7 57 497 539
7 65 488 541
7 67 469 619
7 68 376 484
7 72 509 556
7 76 472 599
7 77 378 442
7 84 451 492
7 94 515 541
7 97 485 572
7 102 516 726
7 105 569 853
7 107 599 742
7 108 499 628
7 110 513 691
7 113 541 606
7 118 606 776
7 119 750 909
7 122 811 1012
7 125 650 807
7 127 815 1134
7 129 701 1013
7 130 760 1033
7 131 699 989
7 133 710 779
7 137 750 823
7 138 759 1055
7 141 765 877
7 142 863 991
7 149 810 1144
7 151 824 964
7 152 825 855
7 154 876 1025
7 158 901 1081
7 161 924 1332
7 164 922 1164
7 166 949 1250
7 169 982 1465
7 172 969 1405
7 175 981 1323
7 177 1006 1006
7 178 984 1111
7 180 1015 1025
7 186 1035 1536
7 188 1058 1090
8 9 6 6
8 13 302 425
8 15 435 450
8 16 258 294
8 20 179 196
8 22 364 524
8 25 230 273
8 28 156 197
8 31 157 224
8 33 163 181
8 36 169 179
8 41 179 254
8 47 184 203
8 52 187 223
8 54 190 277
8 57 192 263
8 64 780 1066
8 69 254 359
8 77 355 424
8 81 538 573
8 82 336 353
8 83 322 474
8 87 367 433
8 88 656 924
8 89 688 819
8 93 691 932
8 95 415 455
8 96 409 451
8 97 777 802
8 103 691 726
8 105 464 528
8 106 457 629
8 107 457 636
8 109 468 699
8 117 568 672
8 124 773 1108
8 125 769 814
8 126 806 893
8 129 883 1308
8 139 866 1266
8 145 871 1109
8 155 952 1137
8 157 847 1230
8 158 861 949
8 159 846 1082
8 162 964 974
8 163 954 1080
8 168 1006 1114
8 169 934 1343
8 171 1015 1314
8 172 996 1376
8 174 985 1237
8 183 1020 1202
8 184 990 1468
8 188 1060 1240
8 189 1080 1304
8 191 1076 1232
9 10 303 391
9 14 106 109
9 16 261 285
9 18 145 200
9 21 138 150
9 24 344 377
9 27 167 205
9 32 196 223
9 35 576 713
9 37 167 204
9 41 175 248
9 45 178 251
9 47 180 195
9 50 183 269
9 51 183 243
9 53 184 185
9 54 186 226
9 55 187 238
9 57 189 265
9 59 234 270
9 60 204 212
9 61 558 805
9 62 672 972
9 68 281 289
9 70 420 520
9 74 354 474
9 76 284 357
9 78 309 431
9 79 449 594
9 81 540 755
9 82 334 485
9 86 447 620
9 87 366 407
9 88 658 711
9 90 410 544
9 93 694 876
9 94 404 507
9 95 414 467
9 96 407 462
9 98 680 986
9 100 671 800
9 110 729 1042
9 120 585 749
9 125 769 909
9 126 807 1009
9 129 884 913
9 131 830 965
9 132 669 739
9 140 777 1008
9 147 758 912
9 149 827 996
9 150 786 840
9 155 952 1420
9 156 862 949
9 157 845 879
9 159 843 1187
9 161 865 934
9 163 953 1402
9 169 932 1348
9 191 1074 1253
9 192 1053 1332
10 11 320 365
10 12 65 66
10 18 410 503
10 26 299 446
10 36 301 406
10 39 339 448
10 42 344 428
10 44 276 358
10 50 329 420
10 54 367 415
10 62 386 566
10 69 298 362
10 72 363 472
10 75 246 284
10 76 333 461
10 77 266 310
10 78 342 401
10 79 280 412
10 80 346 504
10 82 348 352
10 84 518 621
10 86 311 321
10 87 356 421
10 92 384 513
10 101 389 515
10 102 418 484
10 105 456 610
10 107 479 483
10 108 442 463
10 109 518 706
10 112 468 682
10 113 503 741
10 114 551 591
10 117 550 694
10 118 546 610
10 120 617 668
10 123 695 973
10 125 616 634
10 132 702 959
10 133 682 773
10 143 725 993
10 144 751 928
10 147 768 1077
10 156 782 1082
10 159 856 1170
10 162 847 1260
10 163 844 1221
10 164 847 1102
10 173 913 1301
10 176 928 1244
10 177 931 1289
10 180 946 1357
10 181 962 967
10 182 956 1374
10 188 994 994
10 189 1002 1495
10 191 1011 1280
11 12 374 422
11 17 155 174
11 19 733 821
11 21 112 161
11 23 220 245
11 28 125 157
11 29 103 114
11 34 115 157
11 35 580 779
11 45 130 176
11 53 136 195
11 64 788 1163
11 69 218 295
11 72 193 275
11 74 333 418
11 77 332 478
11 78 271 310
11 79 433 456
11 81 529 636
11 82 297 443
11 84 791 1110
11 86 425 476
11 91 348 517
11 93 683 926
11 98 667 859
11 99 350 390
11 105 422 525
11 108 558 710
11 109 419 523
11 115 478 639
11 117 525 594
11 124 747 1094
11 130 623 772
11 131 803 1032
11 132 623 816
11 134 634 760
11 137 779 1120
11 138 775 1066
11 140 739 1037
11 143 771 1096
11 145 839 1038
11 147 713 729
11 150 743 795
11 152 795 998
11 155 922 1341
11 156 824 826
11 157 802 1135
11 161 822 841
11 163 918 1298
11 167 883 1259
11 168 970 1003
11 169 889 1324
11 172 957 1107
11 175 1018 1286
11 183 978 1059
11 185 1011 1013
11 187 1001 1119
11 189 1040 1230
11 192 1010 1080
11 193 1087 1229
12 13 57 83
12 14 443 651
12 16 106 152
12 17 236 335
12 21 295 362
12 28 301 378
12 29 406 508
12 32 255 291
12 33 368 489
12 40 388 401
12 43 396 506
12 46 369 467
12 48 403 500
12 49 411 539
12 50 363 466
12 52 391 472
12 56 293 426
12 59 271 277
12 61 222 251
12 62 320 479
12 64 427 625
12 66 381 512
12 68 251 315
12 70 181 233
12 72 389 499
12 77 255 381
12 80 355 383
12 82 353 510
12 85 465 589
12 86 280 305
12 90 337 404
12 92 376 558
12 99 467 653
12 101 360 503
12 106 474 684
12 112 427 483
12 113 456 457
12 115 547 621
12 116 565 656
12 121 546 804
12 126 586 815
12 129 641 787
12 132 692 989
12 139 678 878
12 146 712 734
12 153 725 746
12 155 759 855
12 157 789 1112
12 166 841 998
12 170 886 1207
12 171 876 1148
12 173 875 1172
12 175 896 964
12 179 909 1044
12 180 913 1183
12 184 940 1310
12 189 965 1227
12 191 976 1403
13 14 386 455
13 15 134 140
13 17 180 220
13 18 401 425
13 22 77 85
13 25 131 160
13 29 350 395
13 31 341 407
13 34 340 345
13 37 330 440
13 39 321 441
13 40 332 360
13 41 346 351
13 43 340 468
13 45 335 372
13 46 315 408
13 66 328 414
13 68 209 267
13 70 183 209
13 75 206 241
13 76 302 308
13 83 347 378
13 85 510 708
13 92 346 466
13 96 375 414
13 98 419 552
13 110 482 551
13 111 490 558
13 113 465 577
13 115 516 602
13 116 535 755
13 118 506 529
13 131 635 896
13 137 660 709
13 140 667 844
13 147 729 846
13 155 770 844
13 156 742 1020
13 158 780 789
13 160 802 940
13 174 871 913
13 178 892 1179
13 180 905 1045
13 187 946 1222
13 189 962 1064
13 190 961 1234
13 191 971 1203
13 192 974 1162
14 15 520 565
14 17 217 250
14 28 171 193
14 30 112 159
14 35 645 709
14 36 158 221
14 37 126 181
14 38 144 204
14 39 132 161
14 45 134 159
14 53 138 164
14 57 151 157
14 59 250 342
14 61 620 888
14 73 333 464
14 74 380 420
14 75 430 447
14 76 267 309
14 77 376 501
14 79 483 664
14 82 321 374
14 84 851 1121
14 86 469 617
14 93 737 836
14 95 398 478
14 97 827 1097
14 99 351 495
14 102 473 571
14 103 728 990
14 104 420 584
14 111 424 599
14 116 503 718
14 118 660 892
14 125 777 857
14 126 819 1004
14 127 570 634
14 137 803 913
14 139 866 928
14 141 853 1123
14 143 789 1170
14 153 830 988
14 155 951 1412
14 159 791 1079
14 161 825 1084
14 169 891 1170
14 172 971 1120
14 179 933 1194
14 181 1047 1112
14 189 1051 1563
14 191 1041 1534
14 192 1013 1082
15 16 183 188
15 20 296 384
15 22 103 149
15 27 350 400
15 32 324 364
15 36 408 492
15 37 457 471
15 38 431 549
15 43 467 476
15 44 375 539
15 49 482 535
15 52 462 551
15 54 475 485
15 55 458 492
15 65 436 572
15 67 414 586
15 69 378 425
15 78 406 577
15 92 414 493
15 100 348 483
15 102 423 580
15 104 490 543
15 107 515 710
15 110 418 567
15 116 599 615
15 119 664 989
15 120 643 856
15 124 548 756
15 130 665 686
15 132 722 943
15 135 703 1045
15 150 752 886
15 152 724 836
15 155 736 945
15 156 744 885
15 160 781 938
15 164 821 906
15 167 857 982
15 176 896 1051
15 183 918 1121
15 184 949 1221
15 186 933 1172
15 191 973 1342
15 192 987 1146
16 17 130 143
16 19 463 482
16 20 116 162
16 21 188 268
16 23 87 121
16 29 300 356
16 31 291 337
16 33 262 336
16 36 233 242
16 39 271 349
16 41 296 400
16 45 286 395
16 48 298 332
16 49 306 456
16 51 287 348
16 52 286 345
16 58 295 383
16 63 220 261
16 67 251 321
16 78 270 369
16 80 274 378
16 86 264 365
16 94 329 382
16 97 530 649
16 99 388 573
16 103 463 507
16 107 410 596
16 110 501 534
16 117 487 665
16 129 675 778
16 136 667 972
16 140 656 971
16 141 688 999
16 142 693 821
16 148 721 951
16 149 696 770
16 150 703 887
16 161 781 838
16 162 807 972
16 164 792 906
16 165 819 927
16 168 855 1267
16 170 853 1114
16 171 872 1259
16 173 866 1294
16 179 882 1195
16 184 908 1258
16 187 934 1327
16 188 944 1286
16 193 989 1433
17 18 225 311
17 19 586 622
17 20 15 15
17 21 58 65
17 27 47 61
17 30 147 193
17 32 46 63
17 33 133 183
17 34 160 213
17 36 105 148
17 37 150 162
17 44 85 119
17 49 177 213
17 56 86 96
17 57 150 184
17 61 403 468
17 65 149 195
17 66 159 221
17 71 164 164
17 79 283 399
17 80 191 241
17 83 215 224
17 86 282 282
17 88 494 557
17 91 258 289
17 93 529 654
17 96 281 418
17 97 616 858
17 100 505 670
17 101 336 359
17 108 421 455
17 110 562 572
17 113 500 608
17 115 416 454
17 116 438 508
17 122 525 533
17 123 535 734
17 124 611 655
17 126 643 769
17 132 568 607
17 147 648 716
17 150 662 686
17 153 703 934
17 155 793 885
17 161 742 1085
17 166 775 953
17 168 856 1025
17 169 808 1058
17 171 868 946
17 172 853 1201
17 174 845 1243
17 176 851 1128
17 181 918 1302
17 192 927 1242
17 193 982 1307
18 19 811 842
18 20 240 290
18 29 72 83
18 34 91 92
18 38 127 176
18 43 102 134
18 44 186 264
18 46 127 166
18 48 102 121
18 49 97 126
18 51 113 127
18 58 623 879
18 59 241 318
18 60 146 206
18 61 624 748
18 62 742 849
18 74 370 500
18 75 423 490
18 79 474 547
18 82 297 392
18 84 851 1116
18 86 456 542
18 88 700 915
18 93 731 957
18 99 315 439
18 106 386 457
18 107 386 509
18 112 599 819
18 118 636 651
18 119 485 713
18 124 761 1129
18 129 883 987
18 136 817 1171
18 138 769 1048
18 140 722 950
18 143 758 1071
18 146 721 912
18 149 775 1118
18 151 753 1091
18 152 778 1084
18 155 926 1150
18 158 787 815
18 159 751 827
18 163 909 1159
18 164 826 868
18 171 963 1218
18 182 976 1391
18 189 1017 1170
18 192 975 1017
18 193 1068 1526
19 20 571 764
19 22 367 548
19 23 526 554
19 24 396 486
19 25 523 563
19 26 688 835
19 29 752 933
19 30 729 1050
19 33 710 944
19 35 170 219
19 37 727 853
19 38 700 1019
19 40 729 974
19 41 743 1083
19 47 729 1006
19 49 751 887
19 52 729 813
19 55 725 748
19 59 593 631
19 61 218 261
19 64 110 139
19 68 554 706
19 77 514 673
19 80 645 679
19 84 205 215
19 86 467 530
19 92 614 784
19 93 297 299
19 98 322 437
19 101 526 677
19 102 590 645
19 105 668 695
19 107 710 848
19 108 493 535
19 109 763 862
19 111 768 1061
19 124 558 657
19 125 562 710
19 129 549 710
19 130 801 1117
19 133 601 884
19 134 855 910
19 139 656 741
19 141 673 979
19 142 907 983
19 147 903 950
19 149 765 987
19 150 855 1243
19 154 888 1173
19 155 712 906
19 156 794 1046
19 157 889 1279
19 158 882 1035
19 159 977 1168
19 160 780 851
19 168 841 1077
19 170 982 1156
19 172 894 1123
19 173 893 1324
19 174 908 1031
19 177 969 1450
19 180 965 1317
19 182 934 1252
19 187 995 1428
19 188 991 1334
19 192 1042 1261
20 21 73 107
20 22 204 210
20 23 49 68
20 31 175 217
20 33 146 207
20 35 413 504
20 41 180 211
20 43 174 238
20 44 92 128
20 50 144 210
20 52 170 199
20 61 388 472
20 65 157 177
20 68 115 131
20 74 178 261
20 75 216 251
20 78 187 214
20 79 269 340
20 81 360 452
20 83 217 298
20 91 255 323
20 93 514 762
20 94 268 394
20 96 278 399
20 100 490 505
20 104 325 480
20 110 548 588
20 112 435 636
20 114 407 589
20 115 414 508
20 116 437 558
20 117 435 593
20 121 495 728
20 124 600 711
20 129 706 986
20 130 544 733
20 136 673 856
20 141 690 739
20 145 706 756
20 146 648 707
20 153 696 817
20 154 673 978
20 156 712 977
20 157 715 781
20 160 799 1101
20 162 802 1011
20 170 807 1121
20 173 846 1144
20 175 894 1200
20 176 845 867
20 178 870 1010
20 179 842 862
20 190 922 1162
20 192 922 1146
21 22 277 396
21 23 118 171
21 24 248 258
21 29 111 121
21 31 102 129
21 32 62 82
21 39 85 96
21 44 56 78
21 46 84 99
21 48 112 159
21 54 114 133
21 62 575 696
21 63 92 113
21 66 113 136
21 69 117 126
21 78 176 260
21 79 321 326
21 82 199 240
21 87 229 252
21 92 269 403
21 98 557 663
21 102 341 416
21 107 327 338
21 112 470 676
21 115 399 575
21 119 463 603
21 124 636 800
21 128 527 527
21 134 555 661
21 138 670 775
21 141 718 851
21 143 671 980
21 145 732 765
21 149 689 732
21 152 696 904
21 154 667 680
21 158 727 756
21 160 822 1183
21 162 825 1021
21 170 802 987
21 174 848 1045
21 177 841 1242
21 179 842 1145
21 181 927 964
21 182 899 1013
21 185 912 1075
21 189 943 1157
21 190 928 1304
22 23 159 210
22 30 362 463
22 35 209 234
22 38 334 415
22 39 351 421
22 41 377 563
22 46 342 460
22 50 335 344
22 53 368 484
22 54 377 381
22 55 360 470
22 58 188 279
22 65 335 383
22 68 203 249
22 76 302 393
22 79 176 218
22 85 439 461
22 86 214 287
22 88 308 369
22 89 337 494
22 94 332 434
22 95 332 392
22 97 425 536
22 100 337 438
22 102 334 400
22 103 366 406
22 104 392 409
22 108 336 341
22 111 469 482
22 118 442 603
22 119 566 596
22 126 527 699
22 130 578 615
22 131 562 591
22 134 619 797
22 136 595 736
22 139 616 887
22 141 617 646
22 144 641 832
22 149 644 791
22 157 722 858
22 159 773 973
22 162 740 1021
22 163 737 1078
22 164 750 794
22 166 774 1129
22 167 785 1132
22 169 808 990
22 175 833 1001
22 185 859 1144
22 189 899 994
22 191 910 1200
22 192 917 1172
23 24 130 176
23 25 4 4
23 29 226 264
23 32 69 72
23 35 365 480
23 38 176 207
23 41 218 242
23 46 185 197
23 48 219 322
23 51 207 232
23 54 220 293
23 55 203 264
23 62 457 661
23 63 133 195
23 64 572 744
23 65 184 191
23 74 140 179
23 77 149 173
23 79 224 255
23 82 196 247
23 84 570 577
23 85 581 862
23 87 212 305
23 90 226 332
23 92 246 257
23 97 552 722
23 100 442 456
23 102 300 318
23 104 314 322
23 106 331 491
23 111 374 472
23 112 396 579
23 117 418 473
23 119 482 685
23 120 472 656
23 121 468 488
23 124 560 775
23 129 662 952
23 130 528 785
23 136 636 847
23 138 617 898
23 142 620 746
23 143 627 701
23 145 671 802
23 147 633 921
23 148 687 746
23 149 647 943
23 153 666 766
23 157 695 1042
23 161 718 1040
23 162 769 923
23 163 761 1128
23 169 783 1064
23 174 811 1154
23 175 861 1179
23 186 883 1090
23 187 879 1239
24 25 126 187
24 26 292 360
24 29 356 362
24 30 332 364
24 34 343 424
24 38 304 435
24 39 322 333
24 46 313 401
24 47 333 437
24 49 355 472
24 55 330 493
24 60 313 339
24 65 304 356
24 67 282 386
24 69 244 290
24 71 139 163
24 73 180 228
24 78 273 363
24 79 167 210
24 80 277 383
24 83 313 345
24 84 449 576
24 87 270 328
24 88 322 471
24 91 305 325
24 92 291 369
24 96 324 397
24 98 352 380
24 103 374 560
24 106 389 508
24 109 435 623
24 116 480 668
24 120 524 715
24 121 465 583
24 126 527 782
24 134 598 675
24 137 586 643
24 139 613 786
24 140 597 656
24 141 613 720
24 142 659 834
24 150 655 768
24 151 640 821
24 160 728 992
24 162 734 830
24 166 759 950
24 168 783 1098
24 169 793 1031
24 173 800 1010
24 176 817 981
24 179 828 951
24 183 843 996
24 191 899 1190
25 26 165 223
25 28 122 169
25 29 229 242
25 31 220 289
25 33 188 222
25 34 217 299
25 36 156 207
25 50 181 201
25 53 214 258
25 61 335 418
25 62 453 631
25 65 186 277
25 67 166 182
25 68 93 129
25 72 206 271
25 74 137 173
25 75 168 171
25 76 175 255
25 77 146 172
25 82 195 202
25 85 577 715
25 88 426 593
25 89 458 604
25 96 266 391
25 97 548 593
25 105 315 399
25 116 427 573
25 129 658 679
25 131 613 787
25 132 558 575
25 133 621 746
25 135 563 575
25 137 613 823
25 138 614 881
25 139 656 711
25 148 683 807
25 151 640 895
25 158 702 708
25 159 720 760
25 162 765 785
25 163 758 1111
25 164 732 735
25 169 781 1127
25 170 786 870
25 171 825 855
25 173 815 851
25 174 808 884
25 175 857 1003
25 179 819 1140
25 180 834 862
25 181 874 1098
25 182 856 856
25 183 848 1247
25 188 888 975
25 189 902 918
26 27 67 84
26 29 65 87
26 34 58 70
26 35 527 657
26 36 33 35
26 37 51 60
26 45 60 85
26 62 617 905
26 63 97 132
26 71 227 269
26 72 107 112
26 74 249 295
26 81 455 659
26 82 203 203
26 83 185 247
26 89 610 762
26 96 273 296
26 104 315 321
26 108 467 481
26 109 331 442
26 110 631 848
26 117 432 563
26 119 448 534
26 122 473 547
26 123 482 572
26 126 692 894
26 132 536 583
26 140 644 647
26 147 624 913
26 150 651 808
26 152 701 937
26 155 828 1003
26 156 730 965
26 168 875 1180
26 176 850 1141
26 177 838 842
26 179 838 1192
26 180 864 1285
26 183 884 1131
26 192 918 997
27 28 23 25
27 29 130 178
27 31 121 177
27 32 33 44
27 33 89 129
27 36 59 69
27 37 107 151
27 39 98 108
27 43 117 159
27 45 112 117
27 47 112 131
27 49 133 156
27 53 117 141
27 57 104 133
27 61 431 602
27 62 550 775
27 63 73 84
27 69 94 118
27 73 150 212
27 75 238 321
27 77 190 246
27 78 154 203
27 82 175 247
27 83 176 217
27 85 669 809
27 86 282 345
27 90 243 336
27 92 244 338
27 93 544 559
27 96 251 355
27 98 527 529
27 100 517 518
27 103 537 645
27 105 305 416
27 115 380 399
27 118 494 722
27 121 483 629
27 122 483 674
27 125 602 774
27 128 508 614
27 129 719 866
27 132 532 603
27 133 669 731
27 134 536 690
27 135 550 715
27 137 645 785
27 143 644 663
27 144 724 1017
27 145 704 792
27 149 663 959
27 150 633 819
27 163 787 938
27 165 741 781
27 166 747 845
27 169 779 1136
27 174 823 1062
27 176 826 1045
27 179 820 971
27 183 859 888
27 187 884 966
27 188 899 1037
28 29 107 143
28 30 83 94
28 33 67 99
28 34 95 119
28 40 87 129
28 42 81 86
28 48 102 114
28 49 110 144
28 58 454 617
28 62 573 842
28 66 96 136
28 68 132 157
28 69 98 128
28 71 186 223
28 76 132 166
28 77 207 269
28 81 412 541
28 88 533 719
28 96 254 327
28 99 256 283
28 103 556 724
28 107 307 373
28 108 432 580
28 111 333 366
28 112 456 503
28 117 414 461
28 118 506 630
28 119 444 449
28 120 443 492
28 124 621 809
28 125 617 645
28 126 656 971
28 127 500 539
28 132 530 723
28 133 684 694
28 136 687 718
28 139 712 832
28 143 653 655
28 145 716 1022
28 162 808 1099
28 165 742 913
28 168 849 918
28 173 841 1141
28 174 829 1185
28 175 897 1186
28 177 821 876
28 181 909 1127
28 182 881 1202
28 183 865 1205
28 184 839 1045
29 30 23 23
29 31 9 11
29 39 40 46
29 44 116 143
29 47 40 43
29 52 42 49
29 53 41 55
29 54 37 38
29 60 74 103
29 61 559 783
29 64 795 1052
29 65 93 108
29 66 86 102
29 69 158 218
29 77 292 296
29 82 226 277
29 84 783 900
29 88 630 638
29 94 290 329
29 95 301 330
29 96 287 416
29 98 641 861
29 109 323 447
29 110 677 779
29 113 587 656
29 120 443 539
29 126 727 1033
29 128 510 542
29 131 744 778
29 133 749 962
29 134 537 703
29 136 746 843
29 137 706 764
29 138 701 988
29 139 771 896
29 151 689 942
29 153 733 751
29 172 873 1068
29 175 941 1237
29 179 838 1136
29 191 945 1218
29 193 1004 1504
30 31 14 17
30 35 566 673
30 42 26 33
30 43 25 33
30 47 29 31
30 53 33 36
30 55 37 53
30 61 535 717
30 67 96 127
30 72 92 93
30 82 209 256
30 84 759 847
30 92 283 285
30 95 286 336
30 101 389 492
30 104 311 446
30 105 327 397
30 106 313 332
30 107 313 377
30 114 361 480
30 115 377 517
30 116 401 528
30 124 670 770
30 126 708 799
30 129 790 1048
30 132 520 706
30 133 731 1028
30 134 532 535
30 137 691 861
30 138 686 918
30 143 679 924
30 145 753 858
30 146 648 937
30 150 643 883
30 155 839 857
30 156 730 1065
30 163 828 1161
30 164 755 814
30 166 758 1101
30 170 786 1006
30 171 884 1010
30 172 862 1071
30 174 848 937
30 175 927 1353
30 176 845 1185
30 181 936 1253
30 183 880 1045
31 32 150 189
31 34 12 15
31 45 30 43
31 53 35 49
31 60 67 99
31 61 549 821
31 67 107 160
31 69 150 205
31 75 343 435
31 76 165 165
31 82 218 224
31 84 774 1097
31 89 655 874
31 92 292 342
31 94 283 336
31 95 295 361
31 98 632 675
31 99 251 349
31 102 370 498
31 103 637 952
31 108 496 620
31 109 319 357
31 111 327 375
31 112 518 565
31 113 579 786
31 114 364 449
31 115 380 416
31 116 404 487
31 118 558 599
31 119 432 468
31 120 439 533
31 121 528 557
31 123 456 497
31 124 681 696
31 135 557 777
31 138 694 884
31 140 651 824
31 141 750 815
31 147 613 710
31 154 654 957
31 156 737 984
31 160 847 1214
31 165 744 772
31 166 762 833
31 171 891 1090
31 173 869 1284
31 175 935 1257
31 178 897 1001
31 186 930 1180
31 187 906 1301
31 189 949 1098
31 193 999 1065
32 33 117 169
32 40 136 160
32 42 128 172
32 44 51 68
32 47 137 165
32 48 150 217
32 53 142 193
32 60 119 166
32 64 635 690
32 66 127 180
32 72 137 160
32 75 205 215
32 76 123 183
32 83 170 196
32 84 626 813
32 87 185 258
32 90 218 242
32 96 235 293
32 98 494 583
32 99 255 350
32 107 295 330
32 112 411 589
32 116 392 542
32 117 393 587
32 119 440 512
32 120 435 550
32 125 573 774
32 127 500 627
32 137 619 731
32 139 671 925
32 140 593 675
32 141 662 829
32 143 621 885
32 144 696 870
32 145 677 972
32 146 608 836
32 147 602 734
32 155 756 925
32 169 762 830
32 177 799 1184
32 179 802 1068
32 181 876 1060
32 183 839 1199
32 184 821 1090
32 187 864 1143
32 189 896 1336
32 190 884 951
32 192 881 1134
32 193 939 1097
33 34 28 41
33 39 9 12
33 41 34 45
33 44 72 91
33 48 36 49
33 54 38 40
33 57 29 40
33 59 127 187
33 61 515 748
33 64 751 1080
33 66 59 61
33 69 117 167
33 70 351 386
33 73 206 206
33 76 136 171
33 85 749 825
33 87 224 266
33 90 279 343
33 92 263 290
33 100 585 751
33 104 295 315
33 114 349 367
33 115 364 405
33 123 451 453
33 126 688 955
33 127 472 631
33 130 509 685
33 136 710 833
33 137 672 757
33 142 577 789
33 144 759 841
33 146 632 872
33 159 683 730
33 169 774 1017
33 171 867 1282
33 172 845 988
33 174 832 1074
33 178 874 1008
33 184 829 1231
33 187 887 1274
33 188 904 1151
33 191 919 1214
33 192 896 1288
33 193 976 989
34 35 576 802
34 36 61 90
34 38 39 50
34 39 22 24
34 49 21 23
34 50 45 56
34 51 23 23
34 52 24 31
34 56 123 178
34 57 36 51
34 58 544 625
34 59 154 161
34 62 663 750
34 63 117 134
34 66 67 88
34 69 140 191
34 75 335 471
34 80 180 256
34 81 492 493
34 83 174 240
34 84 767 1013
34 86 365 377
34 87 242 332
34 89 647 793
34 90 299 412
34 94 271 387
34 97 735 986
34 98 623 775
34 99 239 339
34 100 611 900
34 102 358 489
34 103 627 885
34 104 305 425
34 107 305 418
34 111 314 363
34 113 568 574
34 117 421 428
34 119 419 490
34 121 515 534
34 124 669 998
34 125 664 956
34 126 708 824
34 129 791 928
34 131 725 764
34 134 522 700
34 139 752 922
34 141 738 1023
34 146 640 798
34 152 695 1036
34 154 642 664
34 158 710 875
34 159 684 708
34 166 749 1000
34 168 874 981
34 170 776 799
34 171 879 978
34 173 857 1213
34 175 922 1078
34 177 822 848
34 181 931 1150
34 183 873 880
34 186 918 1359
34 189 936 1149
35 36 514 571
35 39 553 692
35 46 543 798
35 55 559 752
35 58 45 53
35 61 56 77
35 66 541 781
35 68 385 517
35 69 461 664
35 71 332 391
35 76 479 648
35 77 343 410
35 80 474 657
35 81 172 223
35 83 511 598
35 93 216 240
35 96 486 699
35 99 565 759
35 107 543 664
35 110 301 395
35 114 611 663
35 115 601 659
35 120 652 932
35 124 457 535
35 132 721 918
35 134 702 1018
35 136 549 806
35 141 575 662
35 144 586 695
35 147 756 972
35 150 717 1010
35 151 671 979
35 158 753 1034
35 162 699 938
35 168 750 836
35 170 853 865
35 173 791 1063
35 175 787 1090
35 179 861 1071
35 180 851 1142
35 182 833 1228
35 184 901 1056
35 188 885 1117
35 189 879 1111
35 190 893 1228
35 192 927 1008
36 37 49 49
36 42 43 50
36 46 32 36
36 54 66 89
36 55 51 74
36 56 64 88
36 64 718 953
36 66 60 79
36 69 91 131
36 74 224 314
36 75 276 311
36 76 117 144
36 78 143 148
36 79 328 442
36 86 311 448
36 88 554 656
36 90 254 305
36 91 220 281
36 92 243 333
36 93 584 610
36 99 230 243
36 102 319 320
36 105 295 346
36 106 287 403
36 107 287 378
36 109 300 361
36 110 604 738
36 115 357 362
36 121 483 503
36 122 445 580
36 133 686 858
36 135 531 608
36 138 647 790
36 142 572 695
36 143 643 713
36 144 736 743
36 146 618 918
36 152 667 718
36 155 796 1108
36 156 696 898
36 157 677 749
36 159 678 892
36 164 728 825
36 166 733 774
36 170 763 933
36 174 817 1096
36 175 890 1221
36 178 857 1126
36 184 820 1088
36 188 890 991
36 189 912 1353
37 38 26 28
37 39 9 12
37 44 87 94
37 53 17 25
37 54 22 25
37 58 531 693
37 63 104 113
37 64 767 995
37 67 83 85
37 69 126 176
37 75 321 338
37 79 372 480
37 81 478 690
37 86 352 436
37 89 634 771
37 90 286 409
37 92 268 271
37 93 629 679
37 95 271 296
37 100 598 757
37 102 347 472
37 107 296 300
37 109 300 439
37 110 646 872
37 113 555 570
37 115 360 476
37 117 412 436
37 118 534 577
37 120 420 447
37 125 652 811
37 128 487 692
37 131 712 747
37 134 515 578
37 137 676 995
37 143 663 673
37 144 764 884
37 149 680 696
37 150 627 705
37 154 634 765
37 155 824 826
37 156 714 853
37 161 705 962
37 162 825 1143
37 167 767 1024
37 169 772 877
37 170 769 859
37 180 842 1089
37 181 921 1220
37 185 899 973
37 187 885 1231
37 191 918 1359
38 39 17 19
38 40 28 31
38 43 36 36
38 46 12 13
38 49 51 59
38 50 15 17
38 51 32 45
38 54 44 53
38 56 84 112
38 60 36 44
38 62 623 750
38 64 740 779
38 79 347 374
38 89 608 851
38 91 226 258
38 97 696 724
38 98 585 753
38 100 573 588
38 102 329 398
38 106 288 397
38 107 288 428
38 110 622 797
38 112 474 485
38 117 402 562
38 121 490 567
38 125 632 890
38 127 465 551
38 129 757 830
38 130 499 670
38 135 531 640
38 143 650 673
38 148 740 864
38 153 691 751
38 155 807 1121
38 157 678 784
38 161 698 1011
38 162 810 1005
38 163 798 827
38 166 734 801
38 169 765 873
38 170 763 1144
38 176 820 893
39 40 11 11
39 41 25 34
39 49 35 40
39 50 24 24
39 59 132 133
39 61 521 553
39 62 641 903
39 65 56 73
39 69 118 120
39 70 356 456
39 71 239 254
39 75 312 321
39 81 469 509
39 84 744 800
39 86 343 368
39 90 279 362
39 95 265 302
39 100 589 695
39 101 369 436
39 102 340 496
39 104 291 372
39 111 306 365
39 122 434 603
39 123 442 445
39 125 644 772
39 126 688 1016
39 127 464 486
39 134 513 630
39 138 665 990
39 141 720 1045
39 147 592 871
39 149 676 696
39 152 680 817
39 153 699 831
39 154 632 931
39 163 807 1044
39 164 735 838
39 165 723 757
39 166 738 850
39 167 764 802
39 170 766 853
39 173 843 1194
39 179 811 920
39 188 899 960
39 189 923 1060
39 192 890 959
39 193 972 1077
40 41 14 20
40 42 8 9
40 47 7 8
40 49 23 31
40 51 10 12
40 54 17 20
40 55 15 17
40 59 141 163
40 65 58 74
40 66 53 76
40 70 365 387
40 72 71 92
40 73 216 241
40 76 138 206
40 79 371 442
40 84 753 867
40 87 226 295
40 88 599 841
40 96 254 272
40 97 721 853
40 99 226 310
40 102 343 357
40 107 291 352
40 113 553 725
40 117 407 587
40 122 428 579
40 123 436 617
40 124 654 744
40 132 498 554
40 137 672 932
40 138 667 747
40 142 567 672
40 152 680 894
40 153 700 788
40 155 821 1174
40 157 681 982
40 158 697 794
40 169 767 808
40 179 808 850
40 182 880 1000
40 184 820 886
40 185 895 1062
40 186 904 1284
40 189 922 982
40 190 902 977
40 191 914 1075
40 193 972 1010
41 42 22 32
41 45 13 19
41 46 35 42
41 47 15 19
41 49 10 12
41 50 44 46
41 53 14 14
41 54 10 10
41 55 23 28
41 61 545 768
41 62 665 919
41 63 115 166
41 65 67 84
41 68 203 217
41 70 379 468
41 71 261 382
41 73 229 296
41 77 272 349
41 78 173 174
41 79 384 575
41 80 173 222
41 81 491 578
41 82 200 283
41 83 166 218
41 85 777 785
41 86 363 433
41 88 612 767
41 91 244 265
41 92 273 328
41 93 641 838
41 97 734 892
41 106 296 409
41 107 295 380
41 109 296 388
41 115 357 417
41 119 408 437
41 123 433 568
41 124 663 942
41 128 484 632
41 132 499 590
41 133 723 939
41 135 534 747
41 136 720 822
41 139 745 906
41 144 769 891
41 147 589 814
41 148 760 1005
41 150 625 788
41 151 661 721
41 156 716 916
41 163 815 1005
41 166 739 921
41 167 766 1021
41 170 766 812
41 171 870 1162
41 172 846 851
41 173 848 885
41 176 828 1128
41 178 876 1156
41 179 811 945
41 180 841 1097
41 184 822 1101
41 188 902 1311
41 190 906 1039
42 43 15 22
42 45 9 10
42 46 13 18
42 47 9 9
42 48 21 21
42 52 11 14
42 57 14 19
42 58 524 583
42 66 47 68
42 76 130 190
42 77 251 348
42 83 154 191
42 86 342 384
42 89 624 860
42 90 276 409
42 94 249 342
42 95 261 298
42 100 588 688
42 105 301 364
42 107 286 386
42 109 291 313
42 112 484 653
42 117 402 457
42 127 456 627
42 129 768 986
42 131 702 1015
42 136 705 917
42 137 666 838
42 138 660 865
42 140 618 671
42 144 754 864
42 149 670 734
42 154 625 899
42 158 692 798
42 163 802 1120
42 165 716 734
42 166 732 840
42 177 804 842
42 184 816 946
42 185 889 1048
42 186 898 1181
42 191 909 1254
43 44 95 109
43 45 6 6
43 46 29 38
43 51 10 13
43 55 18 25
43 61 539 682
43 69 130 173
43 78 167 242
43 79 378 400
43 80 168 228
43 83 161 179
43 87 230 295
43 92 268 335
43 102 347 388
43 106 292 391
43 108 475 546
43 110 650 804
43 111 301 451
43 115 354 428
43 116 378 489
43 117 408 560
43 125 653 747
43 126 697 807
43 131 713 978
43 132 497 665
43 137 675 775
43 140 625 773
43 143 660 842
43 144 764 1072
43 147 587 770
43 152 682 833
43 153 701 833
43 154 629 865
43 158 697 812
43 162 823 1088
43 167 763 930
43 172 842 1204
43 173 844 884
43 180 838 1054
43 184 819 872
43 186 905 1196
43 191 914 1058
44 45 89 117
44 50 59 76
44 51 88 100
44 57 76 93
44 69 61 62
44 77 180 201
44 91 196 287
44 93 545 670
44 96 217 257
44 104 262 386
44 105 272 357
44 107 271 402
44 111 298 418
44 114 332 363
44 116 366 445
44 121 456 567
44 122 444 481
44 124 589 841
44 125 585 705
44 126 625 689
44 129 706 1049
44 134 500 577
44 140 585 697
44 146 596 687
44 148 699 1043
44 151 622 919
44 161 679 956
44 165 705 1048
44 180 809 979
44 182 844 1213
44 183 828 1085
44 184 803 1116
44 186 868 980
44 191 884 911
45 46 22 27
45 48 11 14
45 53 6 7
45 54 13 14
45 56 111 156
45 57 18 19
45 58 533 674
45 59 141 165
45 67 78 87
45 84 754 952
45 85 763 769
45 92 261 352
45 94 252 315
45 96 250 327
45 97 720 846
45 100 596 892
45 102 340 421
45 107 287 336
45 109 290 383
45 110 643 678
45 116 374 540
45 125 646 838
45 127 453 586
45 128 477 698
45 129 773 995
45 131 707 743
45 132 493 721
45 133 711 948
45 134 505 735
45 135 527 747
45 136 709 728
45 145 731 743
45 147 583 793
45 149 672 870
45 150 617 652
45 159 668 836
45 160 816 918
45 162 818 867
45 170 759 811
45 173 839 953
45 175 904 1269
45 176 820 957
45 180 833 1126
45 184 815 951
45 189 918 1138
45 190 898 1163
45 192 884 922
46 47 20 28
46 50 9 12
46 51 22 30
46 57 13 17
46 61 510 557
46 63 81 86
46 66 41 43
46 67 61 74
46 69 103 127
46 79 349 369
46 81 456 540
46 83 146 190
46 88 577 807
46 89 611 866
46 94 239 343
46 97 699 747
46 103 591 643
46 104 277 356
46 108 450 571
46 109 286 410
46 110 623 638
46 113 533 788
46 119 402 434
46 122 425 566
46 126 673 682
46 127 454 557
46 131 690 900
46 135 522 657
46 139 718 845
46 140 609 822
46 144 743 839
46 148 735 955
46 155 803 1051
46 159 665 887
46 161 689 868
46 164 722 978
46 167 751 809
46 174 814 1165
46 175 892 1271
46 178 856 908
46 179 798 935
46 181 901 950
46 183 847 932
46 185 881 910
46 186 890 900
46 188 886 1298
46 192 878 993
46 193 958 1040
47 48 13 17
47 49 21 28
47 58 531 741
47 59 139 178
47 60 34 47
47 64 767 1034
47 69 121 144
47 75 318 338
47 76 132 141
47 78 158 227
47 79 368 471
47 83 153 182
47 84 752 1071
47 90 279 416
47 91 230 279
47 94 250 330
47 98 606 715
47 103 609 727
47 105 300 321
47 107 284 410
47 109 287 305
47 119 401 585
47 125 643 837
47 128 475 592
47 131 704 806
47 134 502 722
47 136 706 794
47 137 666 802
47 143 652 878
47 154 622 728
47 163 802 862
47 166 729 1015
47 167 755 1049
47 169 760 992
47 172 834 864
47 180 830 1209
47 181 910 962
47 182 873 1051
47 185 888 1328
47 191 907 1012
47 192 881 1082
48 49 8 8
48 51 12 15
48 60 45 64
48 61 544 575
48 64 780 1008
48 65 63 71
48 73 225 254
48 74 277 391
48 80 168 181
48 84 765 1120
48 90 289 355
48 91 238 290
48 93 638 956
48 95 269 394
48 101 379 468
48 103 621 817
48 106 289 415
48 108 476 517
48 110 652 658
48 111 297 352
48 112 497 652
48 114 334 483
48 121 501 645
48 123 427 571
48 124 658 663
48 137 674 794
48 140 623 635
48 142 561 599
48 143 659 883
48 144 764 1106
48 145 736 836
48 146 625 840
48 147 583 747
48 152 680 738
48 154 625 792
48 159 667 884
48 160 821 921
48 162 822 1218
48 163 809 1124
48 167 759 937
48 168 860 1238
48 170 759 769
48 175 908 1313
48 176 821 950
48 180 834 937
48 181 916 1017
48 182 879 1166
48 187 877 1184
48 191 911 1053
48 192 884 1099
49 50 51 73
49 51 21 24
49 59 161 162
49 61 552 717
49 65 69 99
49 70 385 494
49 71 267 315
49 73 233 269
49 75 339 455
49 77 276 326
49 78 173 237
49 81 496 741
49 82 201 283
49 85 782 1144
49 88 617 681
49 91 243 346
49 93 646 896
49 98 626 779
49 111 298 349
49 113 565 672
49 116 376 491
49 120 410 476
49 121 505 577
49 123 425 509
49 126 704 750
49 129 787 789
49 131 719 894
49 134 505 545
49 135 529 699
49 137 678 906
49 138 672 742
49 145 741 1074
49 146 627 784
49 150 620 875
49 151 658 799
49 155 828 1178
49 161 697 818
49 169 764 849
49 170 760 1092
49 172 843 1233
49 173 844 890
49 174 828 1148
49 176 823 879
49 177 807 977
49 178 873 1146
49 179 806 905
49 183 859 1127
49 190 902 1077
50 51 30 41
50 53 33 34
50 55 24 32
50 57 17 18
50 58 502 548
50 63 71 92
50 64 738 965
50 65 35 51
50 67 51 69
50 68 159 169
50 74 236 289
50 78 137 163
50 80 138 160
50 84 722 1015
50 90 255 288
50 91 212 312
50 92 238 306
50 93 597 609
50 98 577 636
50 99 212 254
50 101 344 484
50 104 270 400
50 106 273 382
50 107 273 394
50 113 523 623
50 115 340 388
50 116 363 520
50 117 387 499
50 120 401 562
50 123 431 478
50 124 625 797
50 126 664 719
50 130 484 689
50 132 486 488
50 133 686 821
50 134 496 515
50 136 685 847
50 141 697 990
50 147 574 817
50 150 604 719
50 152 658 824
50 153 676 812
50 158 678 826
50 161 683 984
50 164 715 893
50 165 704 996
50 166 719 837
50 167 744 1091
50 168 835 981
50 170 748 912
50 171 841 973
50 173 821 1184
50 178 848 881
50 182 859 1151
50 185 873 985
50 189 902 1221
50 191 894 1283
50 193 950 1281
51 52 1 1
51 54 12 13
51 57 14 18
51 62 651 932
51 64 768 771
51 67 75 108
51 68 188 275
51 74 264 353
51 75 318 439
51 76 131 188
51 78 157 200
51 79 368 516
51 80 157 180
51 82 184 273
51 84 752 1108
51 88 597 607
51 89 631 799
51 92 257 335
51 93 626 860
51 94 248 322
51 96 245 344
51 98 606 728
51 101 368 519
51 103 609 734
51 106 282 345
51 108 464 510
51 109 285 406
51 112 485 678
51 115 345 452
51 117 398 509
51 118 523 717
51 121 492 699
51 123 426 460
51 128 472 636
51 131 703 782
51 134 500 579
51 135 522 563
51 136 704 914
51 140 615 731
51 141 716 961
51 142 557 802
51 147 578 754
51 149 668 712
51 151 648 752
51 153 691 770
51 155 813 817
51 159 663 907
51 161 690 800
51 162 813 1074
51 166 727 1070
51 172 832 915
51 178 862 1035
51 179 799 915
51 181 908 910
51 182 871 1002
51 183 850 1173
51 188 889 1091
51 190 893 1146
52 53 4 5
52 56 109 142
52 59 139 158
52 65 50 66
52 67 74 83
52 70 363 497
52 73 212 243
52 83 150 202
52 84 751 942
52 86 345 513
52 89 630 715
52 90 276 289
52 91 227 301
52 93 625 835
52 94 247 279
52 95 259 383
52 96 244 250
52 99 216 278
52 105 297 315
52 108 463 667
52 111 291 413
52 113 546 732
52 118 522 531
52 120 404 411
52 121 491 632
52 122 417 582
52 124 646 868
52 129 769 1054
52 133 706 763
52 135 521 739
52 139 728 786
52 140 614 712
52 144 753 1101
52 148 744 752
52 150 611 892
52 151 647 849
52 153 690 828
52 155 812 925
52 157 670 992
52 158 687 830
52 160 811 1063
52 163 799 1197
52 164 724 956
52 172 831 1053
52 175 898 1155
52 176 814 843
52 181 907 1225
52 184 809 1008
52 186 894 1225
52 187 870 1292
52 190 892 1164
52 192 878 1285
53 54 8 9
53 55 10 12
53 62 654 823
53 63 102 130
53 65 53 66
53 66 46 50
53 70 368 410
53 77 259 310
53 80 159 162
53 82 186 243
53 83 152 209
53 84 755 916
53 87 221 280
53 90 279 298
53 91 229 312
53 101 370 418
53 108 467 474
53 109 284 284
53 124 649 806
53 128 472 596
53 130 491 644
53 131 704 996
53 133 709 879
53 136 706 813
53 139 731 1054
53 141 717 784
53 144 755 995
53 146 618 628
53 148 746 904
53 150 612 874
53 151 648 903
53 160 812 1072
53 163 801 1048
53 170 753 1110
53 176 814 1188
53 177 799 877
53 179 798 862
53 181 908 980
53 182 871 928
53 184 809 1093
53 189 913 964
53 190 893 976
53 191 904 1351
54 55 18 21
54 57 26 35
54 59 152 174
54 63 111 112
54 65 60 70
54 66 51 55
54 67 85 87
54 75 330 488
54 88 608 879
54 93 637 880
54 100 604 877
54 101 377 377
54 102 343 435
54 105 302 435
54 107 285 369
54 110 650 806
54 112 494 740
54 114 330 468
54 115 346 448
54 119 397 450
54 134 500 519
54 137 671 995
54 148 751 916
54 151 651 787
54 153 696 995
54 160 817 1181
54 161 692 879
54 163 805 897
54 164 727 1071
54 170 755 803
54 174 822 936
54 177 801 947
54 178 866 1038
54 179 800 1127
54 180 830 846
54 181 912 1356
54 182 875 1003
54 184 811 1026
54 188 891 1123
54 189 916 1147
55 56 103 150
55 58 526 615
55 70 358 476
55 71 239 277
55 74 257 383
55 75 311 316
55 79 361 417
55 81 469 578
55 82 177 204
55 83 144 159
55 85 755 880
55 86 339 370
55 87 212 257
55 89 624 672
55 93 619 779
55 94 241 327
55 95 252 345
55 96 238 350
55 100 586 823
55 101 360 487
55 105 291 399
55 106 276 339
55 114 323 414
55 116 363 511
55 117 391 512
55 119 393 438
55 125 635 695
55 131 695 983
55 133 700 984
55 138 651 831
55 140 608 815
55 141 708 893
55 142 551 797
55 147 573 811
55 148 738 1097
55 149 661 983
55 150 606 738
55 153 684 961
55 154 613 800
55 155 806 1085
55 160 804 1003
55 161 684 862
55 162 806 925
55 163 793 1072
55 165 704 1052
55 167 747 805
55 169 751 814
55 171 848 1242
55 181 901 1160
55 184 804 856
55 187 865 1139
55 190 887 1156
56 57 96 111
56 59 31 32
56 62 541 749
56 67 56 76
56 68 81 82
56 73 112 143
56 74 160 223
56 75 212 215
56 78 105 134
56 79 264 328
56 82 126 166
56 87 155 178
56 90 198 224
56 91 179 248
56 93 520 773
56 99 214 311
56 101 284 421
56 116 354 459
56 120 396 495
56 121 436 482
56 123 448 569
56 124 566 734
56 129 682 928
56 131 622 642
56 132 483 592
56 133 628 816
56 135 501 517
56 136 631 902
56 138 597 778
56 139 656 876
56 145 659 722
56 153 637 756
56 155 741 1048
56 169 730 921
56 171 802 1100
56 173 786 896
56 175 841 1182
56 176 777 1052
56 186 849 1165
56 192 850 1200
57 58 519 633
57 61 518 579
57 63 85 126
57 64 754 1127
57 66 32 38
57 69 105 146
57 70 350 384
57 71 232 276
57 72 51 55
57 78 143 179
57 82 170 228
57 85 747 833
57 87 205 214
57 91 215 230
57 92 243 257
57 95 246 318
57 96 233 347
57 98 591 881
57 99 208 210
57 103 594 641
57 104 270 370
57 108 450 623
57 116 360 370
57 118 510 678
57 120 397 409
57 121 480 493
57 128 464 606
57 134 491 677
57 136 691 970
57 138 646 667
57 139 716 805
57 143 638 929
57 144 740 1031
57 150 602 886
57 152 660 672
57 153 679 1008
57 157 661 692
57 160 799 1178
57 162 800 1172
57 166 717 943
57 170 745 916
57 171 843 880
57 176 804 922
57 179 789 1092
57 180 817 1082
57 181 896 1157
57 182 860 956
57 183 839 870
57 186 883 959
57 188 878 1111
57 192 869 1139
58 59 392 442
58 63 437 631
58 68 349 384
58 77 303 443
58 88 152 198
58 89 170 224
58 95 418 450
58 96 443 456
58 98 199 298
58 99 522 704
58 101 320 380
58 103 235 320
58 104 472 635
58 113 323 413
58 115 556 760
58 116 567 569
58 119 634 638
58 124 420 455
58 127 698 698
58 128 636 672
58 130 605 871
58 137 534 597
58 138 546 683
58 141 539 548
58 143 585 797
58 149 604 850
58 150 673 865
58 151 628 688
58 157 713 846
58 162 663 947
58 163 666 958
58 168 714 818
58 169 790 1109
58 172 753 986
58 173 752 1099
58 176 791 938
58 177 807 1127
58 190 854 899
58 193 858 893
59 60 113 128
59 61 391 495
59 65 103 117
59 66 115 141
59 67 79 84
59 69 47 59
59 70 224 228
59 73 84 99
59 76 84 118
59 81 337 413
59 83 132 148
59 84 612 646
59 86 219 281
59 89 492 515
59 90 176 201
59 91 168 193
59 92 180 230
59 93 489 651
59 94 182 191
59 99 216 287
59 108 350 484
59 110 510 590
59 111 288 361
59 112 374 389
59 117 349 413
59 118 427 558
59 123 452 571
59 124 539 595
59 125 535 568
59 126 574 780
59 127 460 471
59 130 457 522
59 131 596 759
59 136 607 728
59 139 631 882
59 140 549 568
59 144 657 711
59 145 636 810
59 147 558 665
59 148 653 756
59 150 572 573
59 151 587 799
59 153 618 814
59 154 587 593
59 156 633 911
59 167 706 984
59 173 768 884
59 178 793 1161
59 180 778 1083
59 184 777 802
59 185 820 877
60 61 504 714
60 65 18 24
60 75 288 375
60 76 98 127
60 78 123 161
60 79 337 485
60 82 151 196
60 86 314 373
60 89 600 796
60 91 196 202
60 95 227 230
60 103 576 745
60 106 254 349
60 109 261 314
60 113 513 586
60 119 376 499
60 120 381 423
60 128 448 500
60 129 736 1081
60 136 671 999
60 137 632 659
60 140 584 588
60 141 683 1011
60 147 554 776
60 150 585 677
60 152 641 675
60 153 660 748
60 155 780 1067
60 156 671 751
60 158 659 934
60 160 779 1054
60 163 768 1085
60 171 824 1038
60 172 802 1185
60 178 831 913
60 182 841 1166
60 183 821 911
60 187 843 893
61 62 119 155
61 65 492 696
61 66 504 516
61 70 172 204
61 76 438 605
61 78 427 583
61 83 466 672
61 90 346 356
61 101 310 311
61 102 373 409
61 105 450 663
61 111 550 795
61 114 558 562
61 115 547 604
61 116 557 603
61 118 394 525
61 122 699 892
61 123 709 860
61 124 407 442
61 127 689 822
61 131 453 476
61 132 665 989
61 137 521 541
61 140 571 796
61 141 525 609
61 147 699 1047
61 151 615 817
61 153 599 718
61 158 698 710
61 159 778 957
61 160 641 644
61 162 649 651
61 163 653 833
61 164 712 892
61 165 779 1053
61 168 701 798
61 172 739 889
61 187 831 948
61 190 840 954
61 191 848 901
62 63 555 709
62 65 612 715
62 68 467 587
62 70 291 415
62 73 452 637
62 74 400 598
62 78 545 565
62 86 357 357
62 87 510 645
62 94 527 553
62 96 546 775
62 103 238 307
62 108 369 488
62 111 657 857
62 112 381 385
62 114 662 988
62 119 724 913
62 121 537 762
62 122 801 900
62 125 439 649
62 127 786 1003
62 133 482 685
62 134 732 832
62 137 561 738
62 138 576 597
62 139 537 584
62 143 623 799
62 146 684 950
62 147 779 961
62 148 582 759
62 154 763 857
62 158 757 944
62 161 790 928
62 166 803 1111
62 170 857 1141
62 174 786 991
62 176 822 931
62 179 858 965
62 180 841 968
62 182 813 1110
62 183 835 1146
62 186 833 946
62 190 877 1041
62 192 919 998
63 64 671 1003
63 66 69 89
63 73 113 150
63 77 156 209
63 78 83 100
63 85 662 721
63 89 531 764
63 93 526 671
63 101 276 390
63 109 255 331
63 114 297 381
63 118 439 493
63 120 372 532
63 123 421 568
63 127 433 586
63 128 435 472
63 131 614 838
63 132 459 556
63 133 620 757
63 134 464 659
63 135 478 500
63 138 583 849
63 141 634 830
63 144 670 905
63 145 647 915
63 146 559 637
63 147 542 573
63 149 599 601
63 151 585 757
63 153 621 654
63 155 730 757
63 161 642 863
63 167 700 980
63 168 778 1017
63 170 710 855
63 177 748 926
63 181 838 871
63 182 808 928
63 189 852 1228
63 191 847 1216
64 65 728 742
64 68 583 767
64 69 658 674
64 73 568 810
64 75 462 505
64 77 531 639
64 78 660 726
64 82 645 939
64 85 114 120
64 86 468 654
64 88 230 293
64 91 649 964
64 93 237 268
64 97 195 219
64 106 704 1045
64 108 461 587
64 110 316 431
64 111 764 1091
64 112 469 473
64 113 437 563
64 116 758 1081
64 117 691 843
64 131 515 597
64 133 525 626
64 135 800 1009
64 140 701 864
64 141 600 808
64 142 872 991
64 144 596 864
64 145 626 888
64 149 704 800
64 151 742 1098
64 152 724 993
64 156 731 763
64 160 700 805
64 165 919 1369
64 166 871 1137
64 168 761 1104
64 171 797 1182
64 175 787 1097
64 177 905 1017
64 178 821 936
64 184 966 1240
64 188 917 1289
64 191 932 1192
64 192 975 1000
65 66 12 14
65 70 322 358
65 78 105 134
65 80 106 119
65 81 430 624
65 87 168 224
65 89 585 829
65 92 206 215
65 94 197 227
65 98 558 739
65 100 545 671
65 101 316 390
65 107 237 322
65 110 590 647
65 111 254 280
65 113 496 680
65 115 304 377
65 116 328 396
65 123 399 473
65 124 596 727
65 126 635 688
65 130 448 578
65 138 608 857
65 140 567 642
65 143 601 788
65 145 676 723
65 149 619 927
65 153 642 815
65 154 577 646
65 165 669 770
65 166 683 843
65 168 801 1027
65 169 714 737
65 170 712 838
65 178 813 997
65 182 824 957
65 186 847 1240
65 188 843 1122
65 190 848 1255
66 67 37 42
66 69 84 104
66 74 230 293
66 77 220 279
66 84 720 834
66 87 175 245
66 89 596 688
66 94 203 278
66 101 325 460
66 103 570 681
66 106 239 358
66 107 239 325
66 111 253 278
66 127 414 594
66 130 449 537
66 134 460 648
66 136 660 681
66 137 620 675
66 142 518 529
66 146 574 749
66 148 700 981
66 151 603 768
66 153 646 743
66 154 578 654
66 157 629 760
66 164 682 835
66 166 685 961
66 167 710 864
66 168 806 895
66 171 811 1196
66 172 788 998
66 175 854 1079
66 176 771 895
66 177 757 939
66 181 863 1253
66 182 827 1089
66 184 769 937
66 185 842 1085
66 186 851 1080
66 191 861 1176
66 192 837 1031
66 193 919 1370
67 68 119 150
67 74 192 212
67 76 59 79
67 88 525 689
67 89 559 643
67 91 161 175
67 95 191 282
67 96 180 264
67 100 519 590
67 102 264 358
67 103 534 623
67 104 222 242
67 110 565 786
67 116 321 455
67 117 339 499
67 121 425 457
67 126 612 675
67 127 416 481
67 134 454 502
67 138 590 847
67 140 552 632
67 143 585 655
67 158 631 874
67 161 637 645
67 168 785 1085
67 170 703 757
67 174 757 857
67 177 745 1099
67 181 843 981
67 184 760 952
67 188 830 967
67 189 853 1133
68 69 75 104
68 75 130 180
68 84 564 767
68 85 573 750
68 86 168 214
68 87 117 117
68 89 443 562
68 92 151 167
68 102 210 303
68 105 222 258
68 112 326 349
68 113 382 504
68 114 309 372
68 117 324 337
68 119 389 482
68 120 378 469
68 121 380 399
68 122 441 452
68 123 451 582
68 124 492 525
68 126 526 692
68 128 435 507
68 129 604 817
68 132 464 486
68 133 555 589
68 143 540 797
68 149 560 659
68 151 553 726
68 152 568 757
68 154 562 793
68 158 611 801
68 160 684 972
68 163 679 979
68 164 643 884
68 165 658 795
68 167 675 891
68 168 732 1084
68 173 731 1037
68 175 779 1049
68 176 730 768
68 182 772 1007
68 184 751 895
68 191 817 865
69 70 251 376
69 77 136 197
69 78 59 59
69 83 85 116
69 84 636 716
69 85 645 742
69 92 153 227
69 95 161 195
69 98 485 589
69 101 251 276
69 109 237 309
69 114 277 359
69 115 286 331
69 117 316 356
69 118 413 604
69 121 394 533
69 128 414 463
69 131 589 612
69 133 594 725
69 142 503 527
69 145 621 909
69 147 520 567
69 155 705 878
69 157 597 820
69 158 610 906
69 159 608 651
69 165 646 675
69 166 653 798
69 169 685 756
69 171 761 920
69 173 743 825
69 175 800 1188
69 178 769 1131
69 182 782 813
69 183 767 823
69 185 796 888
69 193 872 874
70 71 120 126
70 80 258 310
70 88 239 278
70 90 186 189
70 95 251 292
70 96 273 275
70 97 361 498
70 104 308 325
70 112 247 255
70 113 282 415
70 115 399 424
70 116 413 544
70 117 369 439
70 118 327 416
70 122 547 698
70 125 395 408
70 127 544 727
70 130 474 508
70 132 532 540
70 133 461 681
70 139 504 639
70 141 504 643
70 146 533 776
70 150 562 703
70 152 543 627
70 154 588 723
70 156 565 593
70 157 611 829
70 159 668 876
70 160 620 627
70 167 672 757
70 176 714 1054
70 183 739 1029
70 188 778 1051
71 72 213 277
71 76 147 210
71 77 37 37
71 100 351 525
71 108 257 341
71 113 335 490
71 116 343 351
71 117 319 329
71 127 468 581
71 137 502 708
71 143 514 658
71 145 557 585
71 146 516 752
71 160 650 830
71 161 613 828
71 164 626 701
71 166 643 790
71 175 746 836
71 176 710 787
71 179 714 939
71 183 740 782
71 185 757 1077
71 186 770 970
71 190 786 796
71 193 830 1069
72 73 174 206
72 75 282 343
72 78 101 115
72 80 100 121
72 83 89 114
72 85 726 1013
72 88 558 739
72 89 592 858
72 95 200 288
72 97 678 710
72 109 226 238
72 113 493 503
72 115 285 370
72 119 341 376
72 120 346 518
72 122 367 478
72 124 591 856
72 125 585 687
72 130 431 515
72 131 645 806
72 134 441 460
72 137 604 702
72 138 598 857
72 139 670 986
72 140 553 728
72 158 626 639
72 165 650 707
72 168 790 961
72 169 696 1025
72 174 756 987
72 189 851 876
72 191 843 1018
72 192 818 1224
73 74 52 59
73 75 107 155
73 76 104 147
73 80 100 110
73 83 137 184
73 84 543 740
73 88 384 537
73 90 101 143
73 91 127 166
73 100 380 468
73 104 194 260
73 105 194 248
73 108 266 292
73 109 257 306
73 110 428 551
73 115 289 430
73 116 309 352
73 118 346 505
73 119 367 477
73 121 344 415
73 127 432 565
73 128 408 474
73 131 513 740
73 136 525 588
73 137 499 720
73 142 497 549
73 143 505 507
73 144 575 597
73 146 499 562
73 149 524 684
73 153 544 797
73 154 531 690
73 159 598 769
73 162 652 891
73 169 657 669
73 170 663 692
73 171 708 762
73 173 695 764
73 178 719 1074
73 179 696 870
73 181 758 1048
73 191 783 896
73 192 775 812
74 75 54 69
74 77 19 26
74 79 104 121
74 81 212 254
74 86 92 114
74 88 332 369
74 89 366 463
74 91 157 177
74 92 140 141
74 100 330 390
74 104 216 268
74 105 211 293
74 108 231 338
74 115 311 316
74 120 373 555
74 121 333 421
74 122 453 584
74 123 463 575
74 125 418 618
74 128 422 504
74 132 455 576
74 138 477 703
74 139 520 701
74 146 494 624
74 155 605 745
74 159 606 867
74 162 628 730
74 168 674 999
74 174 674 769
74 175 721 1024
74 176 687 720
74 182 722 822
74 183 716 840
74 188 755 991
74 191 772 1115
74 193 805 1148
75 76 210 218
75 80 201 281
75 83 236 343
75 87 167 207
75 89 312 413
75 92 174 259
75 101 142 173
75 104 249 314
75 106 273 357
75 110 333 371
75 113 275 286
75 121 329 463
75 126 418 447
75 139 493 645
75 140 461 578
75 141 489 594
75 144 518 662
75 150 519 707
75 152 512 526
75 155 577 661
75 158 575 672
75 167 635 862
75 173 667 995
75 181 720 805
75 183 708 792
75 190 755 875
75 192 768 822
76 77 141 181
76 83 47 66
76 92 127 147
76 94 121 175
76 98 486 588
76 109 198 226
76 114 238 267
76 117 282 349
76 118 392 405
76 122 358 446
76 126 555 698
76 128 376 553
76 131 571 640
76 140 493 555
76 147 483 684
76 153 567 584
76 157 562 745
76 158 576 816
76 161 583 696
76 166 618 726
76 169 650 869
76 172 712 968
76 176 700 1000
76 177 690 996
76 179 691 758
76 192 771 1023
76 193 842 874
77 78 129 184
77 82 115 127
77 83 167 198
77 85 511 641
77 89 376 461
77 91 137 169
77 95 137 191
77 96 155 180
77 98 349 482
77 100 337 354
77 103 353 451
77 104 197 209
77 110 385 481
77 111 274 312
77 112 252 288
77 116 309 406
77 117 283 400
77 119 371 491
77 120 354 428
77 121 320 393
77 128 404 520
77 131 475 546
77 132 437 573
77 139 514 742
77 140 454 462
77 142 491 571
77 143 478 494
77 146 479 624
77 149 498 745
77 151 496 562
77 161 576 687
77 168 665 795
77 169 640 692
77 173 668 688
77 174 662 730
77 175 711 1002
77 176 673 992
77 178 691 788
77 186 734 1066
77 189 756 836
78 79 239 316
78 81 349 349
78 90 122 177
78 94 94 128
78 100 453 537
78 104 142 210
78 106 153 225
78 107 153 154
78 111 188 206
78 112 330 412
78 113 392 521
78 114 219 254
78 115 227 339
78 117 258 263
78 125 485 585
78 130 362 362
78 134 383 546
78 138 504 722
78 142 444 512
78 147 460 494
78 156 553 624
78 157 538 604
78 158 551 819
78 166 594 675
78 170 627 822
78 173 687 989
78 175 747 1097
78 177 665 948
78 180 690 960
78 182 726 1065
78 186 749 1076
78 187 732 941
78 188 748 947
78 189 769 1030
78 191 764 817
78 192 746 941
79 80 241 313
79 81 110 119
79 86 49 61
79 87 198 288
79 95 210 234
79 96 235 260
79 98 237 268
79 100 226 324
79 101 125 156
79 102 179 217
79 104 264 303
79 113 228 238
79 114 359 360
79 116 362 532
79 119 429 508
79 123 511 695
79 124 343 462
79 129 439 503
79 130 416 620
79 132 478 504
79 133 408 419
79 134 463 543
79 143 448 478
79 144 474 592
79 150 502 511
79 152 482 711
79 158 552 803
79 160 562 798
79 162 568 650
79 165 622 820
79 172 633 729
79 178 652 870
79 183 678 898
79 188 717 1057
79 190 724 877
80 81 351 353
80 84 631 634
80 88 468 594
80 94 93 133
80 95 104 124
80 96 95 106
80 98 469 492
80 99 114 138
80 108 310 431
80 111 185 270
80 112 330 418
80 116 247 314
80 125 485 505
80 131 545 553
80 138 503 578
80 139 572 725
80 140 465 694
80 142 441 532
80 144 596 624
80 148 588 636
80 151 501 521
80 159 545 706
80 163 646 766
80 172 683 824
80 173 685 806
80 174 672 725
80 178 711 888
80 179 663 993
80 183 706 803
80 185 737 1049
80 187 730 765
80 191 762 1107
81 82 331 399
81 83 384 529
81 84 279 371
81 89 155 178
81 95 312 319
81 98 140 157
81 110 198 289
81 111 446 660
81 114 451 658
81 117 386 565
81 121 346 516
81 123 600 726
81 125 313 362
81 126 325 346
81 128 511 626
81 131 364 418
81 138 426 503
81 140 458 611
81 144 447 518
81 146 505 633
81 148 461 580
81 150 545 679
81 158 584 768
81 163 554 613
81 166 632 821
81 172 635 687
81 179 694 755
81 181 670 879
81 182 678 871
81 184 732 765
81 187 723 773
82 83 53 61
82 87 35 50
82 89 480 542
82 91 53 74
82 94 69 77
82 96 75 77
82 98 445 460
82 99 114 116
82 102 152 213
82 105 129 129
82 117 235 295
82 121 313 365
82 125 458 554
82 126 503 644
82 127 348 363
82 128 337 483
82 129 587 850
82 139 545 807
82 141 532 577
82 144 569 596
82 146 452 536
82 147 442 554
82 148 562 834
82 155 629 714
82 162 632 826
82 163 621 798
82 165 566 716
82 169 603 670
82 171 680 700
82 172 660 743
82 176 651 854
82 183 684 899
82 190 729 752
82 191 740 1061
82 193 790 1005
83 84 664 689
83 86 238 334
83 88 500 713
83 92 113 162
83 100 484 548
83 103 494 540
83 105 146 216
83 106 135 193
83 107 135 202
83 108 331 486
83 109 152 157
83 115 205 260
83 118 377 431
83 129 632 936
83 135 379 470
83 138 508 745
83 141 567 805
83 144 606 822
83 145 577 801
83 146 468 619
83 153 539 587
83 157 525 584
83 158 540 698
83 162 662 749
83 165 569 589
83 167 605 758
83 170 611 910
83 176 666 929
83 178 710 810
83 179 653 975
83 184 668 822
83 187 723 849
83 189 763 1106
83 190 744 843
83 191 755 1004
83 192 733 945
83 193 812 834
84 85 12 12
84 88 166 200
84 94 593 824
84 100 203 288
84 102 523 748
84 103 216 220
84 106 651 753
84 110 221 309
84 111 709 746
84 114 707 1028
84 118 454 547
84 122 839 1119
84 123 848 1024
84 131 413 610
84 133 423 538
84 139 477 702
84 141 498 525
84 150 720 997
84 151 649 934
84 153 606 622
84 156 633 681
84 159 845 1187
84 161 769 980
84 163 619 896
84 165 828 919
84 167 766 943
84 171 693 817
84 173 717 1041
84 176 778 919
84 177 807 1070
84 180 797 1191
84 185 752 820
84 188 815 967
84 189 798 1173
85 86 434 612
85 91 612 692
85 97 89 110
85 101 463 509
85 104 631 719
85 112 397 483
85 117 626 838
85 122 843 1028
85 126 365 504
85 127 820 1035
85 130 692 962
85 132 777 788
85 136 467 600
85 141 494 566
85 145 520 593
85 147 782 1044
85 149 606 862
85 151 647 884
85 152 627 695
85 154 755 806
85 155 516 563
85 160 591 656
85 162 602 752
85 163 614 641
85 165 826 1152
85 167 764 890
85 169 802 1157
85 170 829 962
85 172 713 837
85 174 732 993
85 175 675 817
85 178 712 781
85 180 793 1084
85 181 710 1035
85 182 750 987
85 185 747 753
85 188 810 1095
86 87 158 221
86 89 295 393
86 91 181 204
86 95 163 199
86 97 378 556
86 100 248 317
86 101 80 82
86 103 262 359
86 108 141 145
86 111 301 401
86 127 445 590
86 128 391 400
86 138 396 535
86 139 430 531
86 140 397 416
86 142 474 652
86 146 431 475
86 151 440 471
86 152 447 516
86 155 515 648
86 157 508 719
86 160 538 623
86 161 534 718
86 163 538 559
86 164 537 595
86 165 578 780
86 166 560 772
86 167 571 748
86 168 591 707
86 169 594 661
86 173 602 636
86 174 600 846
86 177 621 684
86 178 622 689
86 180 635 911
86 183 643 799
86 185 654 777
86 188 683 685
87 88 419 484
87 90 64 71
87 93 440 654
87 102 117 132
87 111 172 229
87 114 195 276
87 118 304 394
87 127 339 450
87 133 488 645
87 139 510 543
87 141 497 631
87 145 509 608
87 147 421 588
87 149 460 551
87 152 467 696
87 177 614 697
87 184 637 836
87 188 694 982
87 192 696 888
87 193 759 860
88 89 34 41
88 93 41 52
88 95 417 440
88 96 444 465
88 99 529 649
88 103 90 114
88 107 486 491
88 108 231 326
88 111 543 681
88 120 564 628
88 129 309 442
88 140 480 647
88 149 490 517
88 150 582 631
88 156 520 573
88 158 607 652
88 161 640 856
88 164 615 838
88 168 577 657
88 169 684 776
88 176 672 869
88 184 751 801
88 186 685 1014
88 189 711 930
88 193 721 766
89 90 391 555
89 93 32 34
89 96 477 527
89 98 59 67
89 99 562 692
89 108 257 370
89 109 571 819
89 111 574 574
89 118 329 428
89 123 714 744
89 127 683 721
89 128 603 712
89 138 436 646
89 140 495 589
89 142 665 844
89 143 485 555
89 144 413 424
89 147 656 809
89 154 635 727
89 159 725 927
89 163 536 650
89 165 713 1058
89 170 721 858
89 173 629 796
89 174 644 843
89 175 611 814
89 178 635 901
89 183 692 843
89 184 763 910
89 188 726 898
89 193 722 999
90 91 81 96
90 94 70 103
90 99 172 256
90 110 373 524
90 112 208 299
90 115 213 240
90 116 229 289
90 117 198 203
90 119 293 295
90 121 243 329
90 122 360 419
90 123 371 410
90 129 492 559
90 131 426 502
90 132 354 369
90 136 433 599
90 137 401 585
90 140 377 556
90 143 404 576
90 146 398 581
90 147 417 486
90 150 414 502
90 154 434 542
90 157 469 497
90 160 550 622
90 161 493 501
90 163 544 720
90 164 508 741
90 172 593 773
90 175 644 720
90 178 618 881
90 179 595 865
90 184 620 694
90 189 680 991
90 190 671 946
90 193 721 741
91 92 35 35
91 97 551 678
91 100 418 569
91 105 76 85
91 107 87 119
91 113 335 434
91 115 163 227
91 116 183 253
91 117 182 205
91 118 297 334
91 119 240 327
91 121 264 332
91 125 420 446
91 134 313 363
91 136 477 554
91 137 436 549
91 140 390 462
91 142 375 434
91 143 423 585
91 144 526 568
91 147 390 422
91 156 476 675
91 157 462 682
91 160 583 731
91 165 513 627
91 171 629 707
91 173 610 861
91 176 598 866
91 182 649 816
91 183 632 892
91 189 692 819
91 192 670 857
91 193 739 933
92 93 423 567
92 94 21 27
92 95 16 21
92 103 389 425
92 104 76 93
92 107 100 109
92 112 236 316
92 117 172 213
92 118 266 353
92 121 240 333
92 124 393 474
92 125 387 539
92 127 316 353
92 136 447 578
92 142 375 560
92 146 384 541
92 149 420 627
92 154 410 448
92 155 556 581
92 157 450 582
92 159 476 506
92 161 473 528
92 166 506 550
92 174 578 725
92 179 578 788
92 180 598 796
92 181 658 704
92 187 640 894
92 188 655 719
92 189 673 695
92 191 671 841
93 94 444 460
93 102 369 443
93 105 453 533
93 112 237 253
93 113 200 237
93 116 537 745
93 117 465 574
93 119 602 867
93 126 251 351
93 130 534 661
93 132 617 886
93 134 591 714
93 135 565 809
93 136 349 403
93 138 404 559
93 141 377 436
93 144 381 493
93 146 521 665
93 152 489 625
93 157 599 621
93 162 496 659
93 166 636 681
93 168 547 611
93 174 611 827
93 178 603 682
93 179 687 1007
93 185 638 665
93 188 694 773
93 189 683 943
93 191 709 777
94 95 12 14
94 100 403 512
94 103 409 590
94 106 82 117
94 108 237 266
94 111 137 145
94 113 317 438
94 115 156 184
94 116 175 211
94 119 235 270
94 121 245 326
94 123 306 449
94 127 300 416
94 129 534 748
94 131 460 556
94 138 411 425
94 140 372 523
94 144 506 556
94 148 497 729
94 149 423 468
94 157 447 455
94 164 493 626
94 166 503 560
94 167 524 653
94 169 535 756
94 171 611 898
94 179 575 692
94 182 631 639
94 185 645 938
94 193 721 944
95 96 26 34
95 101 132 175
95 111 140 156
95 112 241 323
95 116 173 176
95 122 297 303
95 123 308 411
95 124 394 586
95 126 436 444
95 129 522 778
95 132 302 365
95 135 304 375
95 136 446 475
95 147 373 388
95 148 485 701
95 150 381 507
95 158 450 604
95 159 461 505
95 161 461 567
95 162 554 776
95 167 515 601
95 168 593 672
95 171 600 792
95 178 608 856
95 185 634 643
95 187 630 853
95 188 645 857
95 190 650 717
95 191 661 792
96 97 553 571
96 98 435 516
96 109 112 122
96 110 447 656
96 114 139 152
96 118 285 363
96 122 278 339
96 124 416 514
96 125 409 446
96 128 263 384
96 132 292 385
96 135 301 415
96 136 464 678
96 141 473 491
96 143 405 603
96 144 512 589
96 145 482 582
96 151 405 427
96 152 427 459
96 162 567 783
96 163 554 720
96 164 488 589
96 174 577 637
96 176 577 798
96 186 652 820
96 191 666 914
97 98 118 156
97 102 459 596
97 114 639 712
97 115 621 846
97 120 650 804
97 122 766 821
97 125 306 317
97 127 740 1098
97 135 636 678
97 136 379 519
97 139 385 385
97 143 503 602
97 146 579 613
97 151 558 754
97 157 654 688
97 161 679 857
97 169 713 974
97 171 602 802
97 183 692 869
97 184 777 1149
97 186 681 808
97 188 723 971
97 190 732 759
97 191 737 925
98 99 520 686
98 101 277 277
98 104 445 494
98 111 527 766
98 112 206 220
98 119 572 734
98 122 652 733
98 125 240 306
98 132 587 867
98 135 535 732
98 137 362 482
98 138 378 528
98 141 354 484
98 143 426 554
98 144 361 458
98 145 380 532
98 147 598 677
98 154 576 778
98 155 406 474
98 156 472 618
98 162 475 616
98 165 653 733
98 169 638 755
98 171 559 675
98 172 574 679
98 173 574 631
98 176 623 921
98 183 636 844
98 187 673 992
98 190 679 721
99 100 504 673
99 101 243 260
99 107 73 73
99 108 332 468
99 110 531 561
99 112 345 406
99 113 408 574
99 117 189 275
99 130 275 291
99 131 537 552
99 133 539 732
99 137 475 544
99 142 342 471
99 145 539 656
99 148 558 700
99 151 438 478
99 152 465 613
99 153 488 493
99 154 402 434
99 156 495 578
99 159 448 483
99 162 616 868
99 169 540 681
99 173 625 679
99 174 607 728
99 178 654 832
99 180 613 724
99 183 636 836
99 184 593 621
99 186 683 835
99 190 678 1011
99 193 753 1065
100 101 261 354
100 106 454 519
100 109 508 578
100 111 511 645
100 113 155 226
100 114 506 535
100 116 491 683
100 118 255 280
100 121 341 417
100 128 531 729
100 132 571 598
100 134 545 637
100 135 519 603
100 136 317 439
100 137 350 457
100 143 413 535
100 146 478 541
100 147 582 640
100 149 430 435
100 158 549 759
100 160 457 636
100 162 466 484
100 167 589 850
100 168 518 711
100 169 624 837
100 172 564 685
100 180 630 729
100 181 583 860
100 182 605 818
100 184 691 861
100 192 708 749
100 193 661 972
101 102 65 91
101 103 265 307
101 105 149 217
101 107 195 282
101 108 97 128
101 112 117 145
101 115 239 248
101 121 186 207
101 123 401 446
101 125 277 358
101 129 401 519
101 131 338 381
101 134 339 431
101 137 324 466
101 138 325 325
101 142 397 502
101 154 404 589
101 155 458 646
101 157 428 479
101 160 473 508
101 161 454 564
101 165 498 569
101 172 528 678
101 176 539 769
101 179 549 551
101 183 567 684
101 184 579 636
101 185 580 649
101 191 623 660
102 103 327 475
102 108 148 221
102 109 183 199
102 111 186 253
102 112 162 215
102 114 187 205
102 116 184 257
102 117 136 167
102 121 169 223
102 127 316 337
102 129 442 485
102 132 299 374
102 134 286 294
102 136 368 405
102 140 303 444
102 143 330 470
102 144 417 552
102 146 325 398
102 154 365 491
102 155 477 633
102 157 397 421
102 159 439 582
102 160 480 702
102 161 422 597
102 164 435 620
102 169 485 502
102 170 493 589
102 171 535 621
102 172 519 628
102 175 573 626
102 179 523 660
102 181 585 724
102 182 561 601
102 183 551 671
102 185 573 574
102 186 585 870
102 188 591 750
102 192 601 746
103 104 431 588
103 106 455 637
103 107 456 668
103 109 508 669
103 111 510 615
103 112 181 193
103 113 137 161
103 114 503 747
103 115 485 501
103 118 238 343
103 119 549 806
103 120 514 735
103 122 630 794
103 124 197 232
103 127 604 772
103 130 475 618
103 131 235 304
103 132 559 598
103 136 287 354
103 142 575 771
103 150 507 726
103 157 534 708
103 159 631 638
103 165 617 732
103 166 570 764
103 169 600 617
103 170 624 843
103 171 519 731
103 175 521 570
103 182 575 637
103 187 633 905
103 189 620 669
103 190 639 794
104 105 21 21
104 118 266 298
104 122 239 263
104 126 444 653
104 129 532 765
104 130 219 316
104 131 449 475
104 132 245 288
104 135 254 257
104 143 369 489
104 151 365 443
104 153 410 440
104 158 409 556
104 161 416 528
104 166 451 555
104 170 484 580
104 175 619 866
104 176 535 798
104 177 523 595
104 181 626 786
104 187 592 596
104 188 608 904
104 192 604 761
104 193 681 808
105 106 44 60
105 107 46 46
105 108 229 231
105 110 429 514
105 112 239 245
105 126 422 434
105 127 247 259
105 130 212 226
105 132 245 285
105 134 241 288
105 141 426 518
105 146 324 439
105 152 373 461
105 154 342 344
105 156 403 405
105 158 398 580
105 159 404 447
105 160 516 727
105 167 463 638
105 169 473 674
105 171 557 659
105 179 514 572
105 180 537 625
105 183 556 612
105 184 532 554
105 188 595 876
105 190 600 602
105 191 611 889
105 192 593 851
106 107 1 1
106 108 273 293
106 109 55 68
106 116 97 137
106 117 116 124
106 124 416 472
106 134 230 256
106 139 476 492
106 140 336 336
106 144 499 702
106 147 307 340
106 152 392 412
106 159 395 496
106 160 541 555
106 161 410 464
106 166 446 484
106 171 577 667
106 172 551 621
106 179 518 605
106 184 532 679
106 187 588 867
106 189 631 927
106 191 622 834
107 108 274 384
107 116 97 115
107 121 226 250
107 125 411 581
107 126 462 598
107 128 201 270
107 129 550 609
107 131 466 620
107 137 401 468
107 138 392 432
107 139 477 578
107 142 290 387
107 143 374 532
107 150 331 472
107 152 392 474
107 159 395 574
107 160 542 642
107 161 410 548
107 166 446 607
107 167 471 629
107 168 576 642
107 171 577 860
107 173 553 684
107 175 624 856
107 176 532 675
107 177 518 740
107 181 630 919
107 182 590 758
107 184 532 679
107 186 613 641
107 187 589 651
108 109 326 472
108 110 199 263
108 111 328 405
108 117 231 249
108 125 186 265
108 127 426 489
108 133 254 364
108 138 263 300
108 142 414 421
108 148 319 423
108 152 326 416
108 154 399 489
108 155 374 448
108 156 346 376
108 157 409 579
108 160 400 467
108 161 435 605
108 163 402 513
108 164 425 521
108 173 473 554
108 180 516 611
108 181 519 531
108 184 556 819
108 187 554 819
108 191 575 623
108 192 590 787
108 193 592 675
109 110 525 672
109 113 394 444
109 114 44 48
109 123 177 224
109 124 459 635
109 130 211 271
109 131 505 643
109 133 506 690
109 140 355 388
109 142 272 377
109 146 344 502
109 148 514 561
109 154 335 370
109 160 567 731
109 164 447 612
109 165 424 448
109 167 473 581
109 168 596 684
109 170 469 471
109 171 594 725
109 173 566 694
109 174 546 782
109 176 537 554
109 183 573 742
109 186 623 706
109 187 591 696
109 193 694 712
110 111 527 625
110 116 497 654
110 122 639 692
110 125 179 194
110 126 162 172
110 128 523 650
110 130 476 619
110 132 562 807
110 136 261 390
110 138 321 340
110 139 272 341
110 144 292 312
110 145 314 386
110 148 317 426
110 152 408 476
110 155 335 425
110 157 523 571
110 158 512 583
110 161 548 625
110 168 458 655
110 170 610 857
110 177 589 649
110 185 549 594
110 188 606 902
110 189 594 864
110 192 660 695
111 112 335 407
111 124 458 467
111 127 171 215
111 128 180 208
111 132 197 259
111 137 428 545
111 139 509 684
111 140 350 434
111 141 488 725
111 142 265 367
111 143 391 511
111 151 375 490
111 152 404 501
111 157 383 498
111 162 561 618
111 166 438 495
111 170 462 507
111 174 540 693
111 176 530 661
111 177 511 747
111 179 509 533
111 185 611 846
111 186 617 893
112 113 63 82
112 114 324 334
112 120 333 394
112 121 155 166
112 125 161 163
112 126 201 248
112 127 423 620
112 128 340 485
112 132 380 437
112 134 355 398
112 137 231 265
112 141 260 327
112 144 289 333
112 146 309 442
112 149 287 319
112 154 383 496
112 155 348 513
112 157 390 487
112 158 387 449
112 160 374 459
112 165 469 510
112 166 435 595
112 169 467 648
112 170 486 675
112 172 448 538
112 174 450 650
112 177 487 559
112 178 465 514
112 179 497 674
112 180 493 664
112 181 493 535
112 182 491 527
112 184 535 632
112 191 551 587
112 193 566 843
113 114 383 417
113 116 359 482
113 122 500 576
113 125 113 147
113 128 384 485
113 141 224 245
113 142 438 470
113 147 428 548
113 152 300 417
113 153 289 402
113 155 304 308
113 158 395 403
113 160 341 487
113 162 348 368
113 163 348 418
113 168 399 580
113 173 430 457
113 177 486 658
113 181 465 611
113 182 473 495
113 186 495 637
113 187 521 759
113 188 522 674
113 189 519 775
113 191 538 562
113 192 563 837
113 193 541 579
114 115 24 24
114 117 110 134
114 120 76 102
114 122 142 187
114 124 438 618
114 125 431 533
114 127 143 178
114 128 143 172
114 130 168 213
114 132 162 189
114 144 502 684
114 145 462 628
114 151 340 458
114 156 401 457
114 157 346 370
114 160 531 711
114 161 363 525
114 164 404 525
114 167 429 468
114 168 558 645
114 174 504 574
114 180 505 658
114 181 607 818
114 183 531 564
114 186 581 784
114 187 548 584
114 193 653 752
115 116 23 25
115 118 283 376
115 119 80 102
115 123 161 213
115 126 461 579
115 127 145 167
115 129 549 717
115 130 147 170
115 133 457 579
115 134 156 166
115 136 435 601
115 139 458 466
115 144 478 488
115 145 438 471
115 149 349 515
115 153 374 551
115 156 378 428
115 158 345 476
115 161 345 489
115 169 412 486
115 170 408 532
115 178 533 730
115 179 454 660
115 184 464 485
115 187 528 591
115 189 576 821
116 117 77 114
116 120 44 50
116 123 154 182
116 124 406 500
116 125 398 575
116 126 452 504
116 128 105 117
116 132 130 146
116 136 421 463
116 139 444 564
116 140 275 303
116 147 211 243
116 151 296 365
116 153 355 452
116 154 250 355
116 156 358 396
116 157 304 308
116 159 298 405
116 161 321 417
116 166 359 493
116 178 512 656
116 181 564 736
116 184 441 535
116 186 538 735
116 191 540 552
117 118 198 287
117 119 137 145
117 121 120 128
117 124 329 350
117 127 194 267
117 128 127 173
117 133 371 475
117 134 150 222
117 136 349 409
117 140 220 285
117 141 351 501
117 152 275 304
117 159 306 446
117 162 427 522
117 165 334 490
117 169 368 500
117 176 418 451
117 177 407 408
117 178 465 573
117 185 488 547
117 188 491 502
117 193 565 718
118 119 331 407
118 128 287 414
118 129 267 382
118 131 183 246
118 133 186 213
118 134 297 311
118 137 155 217
118 139 206 214
118 141 195 217
118 143 183 206
118 147 327 342
118 148 226 319
118 151 222 296
118 153 216 247
118 154 306 426
118 161 334 471
118 162 307 338
118 167 354 377
118 173 366 432
118 175 399 399
118 179 413 442
118 181 417 522
118 184 451 482
118 186 432 534
118 190 459 657
118 191 468 487
118 192 482 615
119 120 37 49
119 129 588 754
119 131 492 572
119 132 91 129
119 136 462 629
119 140 298 439
119 142 160 212
119 149 352 516
119 150 241 291
119 154 236 305
119 155 550 779
119 157 296 386
119 162 510 645
119 164 359 446
119 165 317 448
119 168 532 745
119 172 486 537
119 173 489 530
119 174 464 491
119 177 421 581
119 183 484 713
119 185 537 567
119 187 498 658
119 188 520 661
120 121 208 285
120 123 124 143
120 124 419 539
120 125 412 583
120 134 94 112
120 136 426 591
120 137 359 496
120 138 344 492
120 141 423 439
120 145 421 438
120 148 440 566
120 153 345 347
120 154 217 245
120 159 258 273
120 160 480 582
120 161 290 319
120 163 458 488
120 164 336 467
120 170 350 372
120 172 460 635
120 181 547 658
120 183 462 588
120 184 406 545
120 186 515 712
120 187 477 531
120 189 530 644
120 192 477 626
121 122 323 375
121 124 211 284
121 127 289 399
121 128 196 288
121 131 250 294
121 136 229 308
121 139 253 254
121 140 134 187
121 141 233 270
121 148 258 290
121 153 201 279
121 160 319 443
121 161 270 311
121 163 307 331
121 164 271 373
121 165 319 422
121 169 328 435
121 174 342 373
121 176 354 525
121 179 363 523
121 184 395 555
121 188 422 594
121 189 437 626
121 190 429 501
121 191 439 629
122 123 10 14
122 130 197 288
122 131 568 843
122 132 124 153
122 134 156 198
122 135 198 205
122 138 449 610
122 139 555 631
122 142 182 211
122 146 325 355
122 149 414 520
122 154 272 274
122 155 617 771
122 156 433 612
122 158 360 422
122 163 549 818
122 164 401 569
122 166 381 439
122 169 403 598
122 175 632 788
122 176 483 560
122 178 569 619
122 179 444 647
122 183 522 631
122 184 438 458
123 124 541 692
123 129 672 990
123 134 158 186
123 135 201 228
123 149 417 589
123 151 371 436
123 152 408 446
123 157 336 387
123 159 272 406
123 166 381 387
123 168 590 601
123 170 385 507
123 177 451 549
123 178 570 761
123 186 581 758
123 188 554 674
123 191 566 633
124 125 7 8
124 132 436 441
124 136 92 130
124 137 130 178
124 146 285 318
124 149 216 297
124 152 237 272
124 158 343 354
124 159 466 688
124 162 242 266
124 163 246 279
124 166 385 506
124 167 374 415
124 168 293 387
124 175 332 403
124 183 399 419
124 184 477 521
124 185 379 480
124 188 433 647
124 191 448 505
125 126 53 56
125 128 392 405
125 133 67 67
125 135 359 383
125 139 110 116
125 142 425 498
125 144 134 187
125 145 141 188
125 152 231 312
125 153 208 311
125 159 458 467
125 160 232 333
125 163 244 316
125 165 433 524
125 166 379 475
125 167 368 401
125 168 292 401
125 172 334 399
125 174 346 405
125 179 425 541
125 180 403 445
125 184 471 586
125 185 376 437
125 187 432 643
125 190 438 500
126 127 543 730
126 129 88 108
126 132 481 607
126 133 56 70
126 138 179 226
126 147 457 507
126 157 391 472
126 158 376 490
126 160 235 254
126 161 414 458
126 163 253 360
126 164 370 520
126 166 415 563
126 167 401 417
126 168 296 421
126 169 441 466
126 170 469 684
126 171 330 335
126 172 350 369
126 173 349 377
126 176 409 509
126 180 428 641
126 184 503 560
127 128 99 139
127 129 626 860
127 130 153 215
127 134 107 138
127 136 492 539
127 137 422 450
127 144 526 562
127 146 277 411
127 150 236 338
127 151 320 428
127 155 571 580
127 157 285 366
127 160 526 619
127 164 351 519
127 168 538 781
127 172 483 532
127 176 433 607
127 177 402 460
127 180 440 608
127 188 505 741
127 193 604 796
128 129 528 647
128 133 426 492
128 134 28 36
128 141 385 453
128 144 427 481
128 151 226 258
128 154 150 214
128 156 291 301
128 157 209 250
128 162 427 493
128 170 282 295
128 172 399 482
128 175 492 689
128 176 359 488
128 179 331 426
128 186 452 649
128 188 433 466
128 193 525 531
129 130 475 673
129 131 99 116
129 132 562 598
129 133 104 112
129 138 242 358
129 141 171 217
129 144 149 167
129 145 193 288
129 148 185 207
129 150 450 520
129 155 167 211
129 157 452 610
129 158 434 516
129 159 569 779
129 162 257 267
129 164 421 577
129 165 532 704
129 168 303 311
129 170 521 679
129 171 342 434
129 175 326 368
129 176 444 647
129 181 361 415
129 186 422 572
129 187 481 521
129 190 478 509
130 131 376 410
130 136 338 360
130 139 358 519
130 141 332 445
130 147 109 152
130 154 130 133
130 156 242 355
130 157 179 226
130 159 195 244
130 160 380 460
130 162 377 558
130 164 236 347
130 172 357 426
130 173 359 470
130 175 446 652
130 179 307 423
130 182 392 537
130 185 409 487
130 186 414 534
130 189 429 540
130 191 415 462
130 193 486 659
131 132 463 557
131 133 11 13
131 134 430 587
131 135 390 412
131 139 65 70
131 140 234 248
131 141 85 122
131 143 203 254
131 144 85 90
131 153 203 226
131 156 228 323
131 158 340 455
131 159 472 579
131 169 401 581
131 173 304 425
131 181 315 324
131 183 371 468
131 185 342 501
131 186 363 375
131 188 402 597
131 189 388 459
131 193 395 466
132 133 460 598
132 138 334 383
132 140 244 290
132 142 69 75
132 143 287 427
132 149 293 378
132 156 311 360
132 157 213 311
132 164 278 401
132 170 275 335
132 171 450 597
132 176 362 521
132 178 445 596
132 183 401 585
132 184 329 381
132 188 435 439
132 191 448 472
132 192 404 437
133 134 426 495
133 139 54 56
133 140 228 228
133 143 196 216
133 144 74 103
133 153 194 241
133 154 380 387
133 155 126 177
133 162 189 244
133 167 352 381
133 168 240 301
133 169 392 432
133 170 422 496
133 173 293 318
133 176 355 515
133 179 404 551
133 183 361 448
134 135 42 48
134 137 318 449
134 141 381 394
134 143 253 329
134 144 422 606
134 145 374 545
134 159 165 226
134 160 419 517
134 161 199 260
134 166 237 353
134 168 432 441
134 171 418 525
134 180 345 473
134 181 470 485
134 184 311 325
134 185 429 429
134 188 410 611
134 189 444 527
134 193 504 583
135 136 349 432
135 141 339 355
135 143 210 311
135 144 380 396
135 148 350 433
135 150 95 141
135 151 170 236
135 157 152 181
135 158 173 202
135 160 376 562
135 165 190 250
135 167 236 268
135 169 235 349
135 172 341 480
135 174 318 460
135 175 435 548
135 180 312 342
135 187 355 441
135 188 376 539
135 189 408 434
135 191 390 421
135 192 357 358
135 193 467 631
136 137 73 75
136 138 93 135
136 140 185 202
136 142 405 459
136 148 58 84
136 150 300 401
136 156 170 233
136 159 418 513
136 164 273 363
136 168 201 284
136 171 231 300
136 172 248 277
136 176 307 365
136 177 338 411
136 179 355 427
136 180 325 403
136 182 288 384
136 183 313 334
136 190 354 427
136 191 360 459
136 192 403 588
137 138 20 29
137 139 90 99
137 143 78 115
137 145 64 74
137 147 310 415
137 150 228 266
137 151 136 139
137 154 262 359
137 158 216 311
137 159 347 513
137 165 314 356
137 166 256 343
137 167 244 323
137 171 217 325
137 173 219 220
137 177 285 411
137 178 233 242
137 188 311 450
137 190 319 404
137 193 334 453
138 139 108 139
138 140 92 127
138 146 150 193
138 149 69 91
138 151 116 160
138 152 89 111
138 159 327 336
138 162 154 172
138 163 144 215
138 164 193 255
138 167 226 309
138 180 265 308
138 187 299 346
138 188 299 329
138 190 308 437
139 140 201 273
139 141 29 29
139 143 163 174
139 150 314 349
139 152 185 210
139 153 152 188
139 154 347 386
139 156 175 195
139 158 291 348
139 160 125 151
139 161 330 400
139 162 134 159
139 165 389 469
139 166 324 339
139 167 304 392
139 172 240 322
139 174 259 261
139 180 322 449
139 184 405 503
139 186 297 409
139 187 345 372
139 189 322 455
139 191 351 395
139 192 399 402
140 141 173 249
140 143 43 58
140 144 212 231
140 145 164 192
140 154 152 152
140 155 255 369
140 166 174 216
140 173 219 294
140 179 236 342
140 182 259 347
140 188 288 354
140 189 303 313
140 192 308 422
140 193 348 378
141 142 393 472
141 144 42 60
141 145 25 36
141 147 369 471
141 149 137 204
141 152 156 187
141 158 262 350
141 165 360 523
141 168 175 182
141 175 216 269
141 176 280 283
141 179 329 425
141 184 379 446
141 188 318 409
142 143 259 279
142 145 382 429
142 146 167 213
142 152 247 357
142 156 271 324
142 170 207 256
142 178 391 436
142 179 262 268
142 181 448 510
142 183 340 408
143 144 172 199
143 145 122 135
143 147 235 296
143 148 140 202
143 156 56 75
143 160 172 252
143 161 177 247
143 167 176 259
143 173 190 282
143 176 206 248
143 177 222 273
143 178 214 286
143 179 234 258
143 182 232 337
143 191 285 373
144 145 50 63
144 164 275 318
144 170 375 532
144 187 333 363
144 189 305 332
145 146 215 294
145 151 175 244
145 152 140 195
145 154 304 305
145 155 93 100
145 156 127 148
145 165 341 346
145 168 151 204
145 169 296 442
145 170 328 383
145 171 179 210
145 176 255 299
145 177 288 299
145 178 200 227
145 184 355 423
145 185 235 293
145 191 307 415
145 193 294 352
146 147 142 206
146 150 57 67
146 157 80 88
146 158 81 82
146 163 223 227
146 165 161 230
146 168 263 364
146 170 177 199
146 172 220 248
146 175 308 441
146 181 305 440
146 189 296 443
146 190 276 279
146 193 349 422
147 148 374 454
147 151 183 195
147 152 221 238
147 156 244 330
147 157 125 156
147 160 385 533
147 164 192 232
147 167 204 279
147 170 180 184
147 172 326 345
147 185 371 476
147 188 343 471
148 149 138 167
148 152 155 181
148 155 74 84
148 157 277 398
148 158 256 266
148 160 83 98
148 174 213 214
148 182 232 328
148 186 251 321
148 190 300 359
148 191 305 442
148 192 354 457
149 150 149 155
149 158 128 190
149 166 168 237
149 167 159 229
149 168 186 210
149 169 196 263
149 170 222 324
149 173 170 242
149 178 195 196
149 183 210 293
149 184 261 282
149 185 223 315
149 186 236 277
149 190 256 310
150 151 96 122
150 152 133 191
150 155 355 449
150 158 77 80
150 162 292 362
150 165 120 175
150 166 114 148
150 175 346 446
150 177 187 271
150 179 187 227
150 182 277 279
150 183 244 247
150 191 295 441
151 152 37 43
151 155 259 288
151 157 96 142
151 159 210 218
151 160 206 267
151 167 132 155
151 180 194 249
151 190 253 324
152 153 36 46
152 154 165 223
152 160 169 177
152 161 146 217
152 162 165 239
152 164 105 126
152 165 205 285
152 166 148 208
152 168 187 222
152 180 190 282
152 181 237 253
152 187 228 295
152 188 235 293
152 189 248 250
152 193 292 301
153 154 201 214
153 156 26 29
153 157 158 202
153 163 114 129
153 164 128 129
153 167 160 191
153 172 151 169
153 173 152 203
153 175 209 278
153 178 174 214
153 180 198 200
153 181 216 311
153 184 262 392
153 186 218 323
153 188 235 264
153 189 241 331
154 155 386 518
154 163 295 414
154 164 129 172
154 166 111 159
154 170 135 138
154 173 265 352
154 180 220 222
154 181 355 374
154 182 289 409
154 183 250 369
154 185 308 389
154 187 261 299
154 190 286 290
154 191 298 441
154 193 382 551
155 156 201 261
155 157 338 475
155 162 94 126
155 163 115 139
155 165 408 594
155 167 311 448
155 169 353 437
155 172 213 314
155 177 333 425
155 180 307 408
155 186 256 364
156 157 137 151
156 159 257 307
156 163 115 135
156 179 189 255
156 182 175 239
156 184 236 240
156 185 187 275
156 193 263 313
157 158 25 37
157 163 239 241
157 166 56 63
157 168 266 363
157 175 305 364
157 182 226 307
157 183 188 206
157 185 245 299
157 187 202 270
157 188 223 320
157 190 226 306
157 193 319 345
158 159 143 145
158 162 238 239
158 165 98 145
158 166 48 57
158 171 218 283
158 174 148 171
158 180 140 177
158 182 201 216
158 187 183 227
158 190 206 292
158 192 196 261
159 160 389 401
159 166 134 177
159 170 117 145
159 178 337 466
159 179 178 253
159 182 318 322
159 183 269 317
159 184 163 177
159 187 267 342
159 193 404 476
160 161 283 303
160 162 11 11
160 169 274 284
160 170 308 363
160 172 130 148
160 176 208 274
160 182 161 220
160 184 321 413
160 186 177 214
160 191 236 275
161 162 274 286
161 164 68 70
161 167 73 99
161 169 67 93
161 170 72 80
161 174 170 248
161 176 140 203
161 177 111 121
161 184 126 173
161 185 241 344
161 186 239 321
161 192 188 210
162 163 24 33
162 169 264 367
162 172 118 150
162 180 213 268
162 183 189 194
162 185 144 166
162 190 221 307
162 192 285 342
162 193 195 229
163 164 184 267
163 166 230 258
163 168 52 67
163 177 218 302
163 181 117 161
163 183 170 236
163 184 288 414
163 187 208 309
163 189 179 199
164 165 117 144
164 169 70 96
164 178 169 218
164 179 94 110
164 180 103 149
164 181 227 328
164 183 126 173
164 184 136 178
164 187 146 147
164 192 167 217
165 166 71 96
165 168 317 434
165 172 238 299
165 175 349 445
165 176 164 197
165 177 122 174
165 178 272 398
165 180 164 239
165 184 102 108
165 188 226 325
165 189 270 299
165 190 226 262
165 191 236 333
165 192 180 247
165 193 336 476
166 167 37 47
166 169 33 35
166 179 72 89
166 180 108 121
166 182 186 259
166 192 152 224
167 168 210 299
167 169 42 53
167 177 50 55
167 179 58 82
167 190 142 210
168 169 249 307
168 179 237 329
168 180 184 228
168 185 98 124
168 187 189 245
168 188 171 217
168 190 180 256
168 192 249 333
168 193 143 210
169 170 33 36
169 171 217 297
169 178 200 288
169 179 42 47
169 181 256 358
169 182 176 181
169 192 121 132
169 193 261 266
170 171 250 359
170 173 203 227
170 175 311 363
170 178 232 342
170 179 60 89
170 181 288 341
170 183 155 217
170 184 56 63
170 185 228 314
170 188 177 262
170 192 130 173
170 193 289 402
171 172 50 66
171 174 83 90
171 178 25 32
171 181 52 73
171 185 58 72
171 186 79 116
171 187 148 164
171 191 141 192
171 192 208 222
171 193 117 121
172 173 2 2
172 176 84 106
172 178 35 38
172 179 151 195
172 186 66 66
172 189 90 112
172 190 106 140
172 191 111 147
173 174 36 53
173 179 153 207
173 180 100 106
173 181 90 93
173 184 202 224
173 190 107 122
173 191 112 146
174 175 144 147
174 181 123 139
174 192 141 162
175 176 193 255
175 179 259 312
175 186 115 116
175 189 134 141
175 190 181 205
175 191 180 206
175 192 257 329
176 177 47 64
176 183 38 52
176 188 74 96
177 178 161 188
177 179 19 20
177 181 215 301
177 182 133 143
177 183 79 106
177 190 104 111
177 191 115 126
177 193 214 297
178 179 180 258
178 181 57 59
179 180 58 80
179 186 161 185
179 187 88 128
179 188 117 142
179 191 126 183
179 193 228 340
180 181 175 192
180 184 103 124
180 185 112 118
180 189 105 125
181 182 83 86
181 188 139 171
181 189 98 140
181 193 79 106
182 183 55 61
182 184 194 218
182 186 23 30
182 187 83 100
183 184 139 168
183 186 65 79
183 189 70 92
184 185 214 249
184 188 150 173
185 186 21 31
185 187 100 117
185 190 85 105
185 192 160 171
186 187 84 86
186 189 25 30
186 190 66 85
186 191 64 74
186 193 73 89
187 188 29 38
187 189 77 115
187 190 26 33
187 191 37 40
187 192 60 81
187 193 143 196
188 189 48 58
188 190 9 10
188 192 84 121
189 190 53 53
189 192 131 172
190 191 11 14
190 193 117 164
191 192 83 123
192 193 192 259
