20
50
20
5
16
11
13
7
15
5
8
3
17
20
19
0 1 262 88
1 2 133 70
2 3 184 71
3 4 190 60
4 5 188 55
5 6 206 42
6 7 170 97
7 8 202 59
8 9 70 39
9 10 175 99
10 11 152 61
11 12 281 31
12 13 90 44
13 14 71 24
14 15 212 66
15 16 287 40
16 17 191 65
17 18 157 100
18 19 107 35
19 0 42 95
0 2 129 39
0 3 55 92
0 4 135 23
0 5 167 47
0 7 31 32
0 8 171 52
0 9 101 72
0 10 164 77
0 11 70 66
0 12 293 76
0 13 203 39
0 14 274 92
0 18 65 22
0 19 42 21
1 3 317 66
1 4 127 49
1 5 167 41
1 6 123 74
1 7 293 78
1 8 91 20
1 10 100 52
1 11 250 89
1 12 51 97
1 15 200 34
1 16 171 67
2 5 82 40
2 6 124 88
2 8 58 45
2 9 28 94
2 11 117 66
2 13 74 35
2 18 84 29
2 19 171 47
3 13 258 96
3 14 329 40
3 17 277 36
4 6 18 100
4 9 96 33
4 10 79 97
4 11 123 99
4 12 158 75
4 14 139 98
4 15 173 65
4 19 177 79
5 9 92 50
5 10 267 28
5 11 187 78
5 12 126 39
5 13 148 78
5 14 143 61
5 16 302 33
5 18 166 60
6 11 127 25
6 13 64 72
6 15 191 93
7 9 132 74
7 10 195 45
7 11 43 36
7 12 324 95
7 13 234 50
7 14 305 46
7 15 131 38
7 18 96 84
7 19 25 39
8 10 127 74
8 13 32 67
8 15 125 99
8 18 106 89
9 11 95 95
9 12 192 52
9 13 102 42
9 14 173 47
9 17 121 46
9 19 143 64
10 12 151 95
10 13 119 84
10 18 101 76
11 14 262 23
11 15 172 37
11 17 210 82
11 18 53 60
12 15 231 69
12 16 202 55
12 17 71 60
12 18 228 39
12 19 335 51
13 16 154 73
13 17 37 85
14 18 209 70
15 18 151 26
17 19 264 21
