50
5
100
1
43
1
21
0 1 151 622
1 2 71 619
2 3 211 611
3 4 319 757
4 5 229 992
5 6 278 869
6 7 274 647
7 8 312 834
8 9 195 684
9 10 341 770
10 11 98 938
11 12 84 896
12 13 148 508
13 14 76 668
14 15 280 722
15 16 184 741
16 17 142 536
17 18 90 503
18 19 135 610
19 20 167 582
20 21 86 720
21 22 238 701
22 23 146 562
23 24 20 998
24 25 140 676
25 26 197 908
26 27 372 901
27 28 202 583
28 29 200 979
29 30 186 737
30 31 245 771
31 32 188 610
32 33 182 644
33 34 21 571
34 35 132 976
35 36 158 681
36 37 149 681
37 38 30 655
38 39 111 901
39 40 125 798
40 41 183 715
41 42 159 945
42 43 237 905
43 44 231 874
44 45 359 924
45 46 275 736
46 47 188 721
47 48 222 583
48 49 274 950
49 0 208 869
0 2 218 792
0 4 125 505
0 5 220 816
0 10 240 965
0 12 109 613
0 13 215 800
0 14 177 705
0 15 147 575
0 17 109 508
0 18 81 614
0 20 114 981
0 23 129 573
0 24 140 599
0 28 64 954
0 29 227 787
0 30 213 750
0 31 64 866
0 32 128 500
0 33 179 701
0 34 199 565
0 35 166 715
0 37 89 636
0 39 23 557
0 41 122 842
0 43 201 892
0 44 154 750
0 45 226 845
0 47 139 853
0 48 89 644
0 49 208 530
1 5 70 564
1 8 256 987
1 9 151 693
1 11 218 791
1 12 225 662
1 14 248 738
1 15 55 688
1 20 76 896
1 23 258 861
1 24 260 865
1 25 122 781
1 26 249 574
1 27 168 1000
1 28 139 911
1 32 219 814
1 33 95 616
1 34 111 826
1 35 193 763
1 38 86 933
1 39 172 739
1 40 288 984
1 41 168 797
1 42 191 747
1 43 213 701
1 45 84 625
1 47 42 656
1 49 130 802
2 4 233 524
2 5 9 974
2 7 23 881
2 8 322 608
2 9 219 663
2 10 242 883
2 11 248 720
2 14 280 886
2 15 115 773
2 17 150 907
2 18 140 790
2 20 118 564
2 21 62 714
2 23 311 599
2 25 181 855
2 26 255 853
2 27 233 747
2 28 192 748
2 29 10 983
2 33 91 907
2 36 309 691
2 37 161 841
2 38 140 500
2 40 350 674
2 42 260 827
2 43 225 701
2 45 18 621
2 46 268 593
3 7 188 541
3 8 270 764
3 13 43 679
3 16 244 829
3 17 253 506
3 19 295 919
3 21 149 733
3 25 169 594
3 26 44 644
3 27 338 857
3 28 150 685
3 29 212 957
3 30 27 659
3 31 252 606
3 32 134 917
3 33 121 915
3 34 119 527
3 35 55 501
3 37 132 577
3 39 234 755
3 40 269 606
3 41 95 793
3 43 26 886
3 44 257 648
3 45 201 981
3 46 242 935
3 47 165 511
3 48 249 745
4 6 101 547
4 8 189 736
4 10 349 632
4 11 282 998
4 12 234 730
4 13 329 849
4 15 119 513
4 16 134 887
4 18 156 865
4 19 34 830
4 23 248 805
4 24 262 956
4 25 154 718
4 27 29 776
4 28 179 991
4 31 68 742
4 36 233 758
4 39 122 511
4 42 122 556
4 44 258 804
4 48 186 805
4 49 278 973
5 7 32 657
5 11 255 886
5 12 280 706
5 14 287 841
5 16 262 994
5 18 144 670
5 20 123 685
5 21 72 903
5 22 249 845
5 23 316 624
5 24 315 973
5 25 185 597
5 26 264 607
5 27 228 517
5 28 197 753
5 29 16 935
5 31 194 774
5 33 100 733
5 34 102 943
5 35 223 600
5 37 166 997
5 38 144 681
5 39 241 776
5 40 353 985
5 41 210 502
5 42 261 517
5 43 234 768
5 44 360 580
5 46 270 961
5 47 87 804
5 48 307 909
5 49 122 864
6 8 90 682
6 9 108 517
6 10 315 917
6 11 229 687
6 13 287 533
6 14 239 544
6 15 183 942
6 16 51 911
6 17 139 891
6 18 154 593
6 20 188 690
6 21 270 787
6 22 34 774
6 23 162 675
6 24 179 723
6 26 312 579
6 28 141 952
6 29 288 595
6 30 291 950
6 31 85 599
6 33 253 854
6 34 274 795
6 35 241 649
6 36 145 505
6 37 167 566
6 39 57 625
6 44 161 972
6 47 206 856
6 48 90 557
7 11 227 635
7 12 259 587
7 13 225 813
7 14 259 881
7 15 124 596
7 16 253 584
7 19 232 948
7 20 103 556
7 21 39 567
7 22 243 599
7 23 295 655
7 28 178 909
7 31 194 580
7 33 68 511
7 34 69 886
7 35 194 899
7 37 145 732
7 38 127 693
7 39 232 702
7 41 184 903
7 44 342 819
7 45 17 750
7 46 259 650
7 48 294 502
7 49 89 519
8 10 287 665
8 12 106 710
8 14 189 502
8 16 65 731
8 17 207 943
8 18 182 847
8 20 211 643
8 22 92 533
8 24 110 848
8 25 142 755
8 26 279 827
8 27 218 779
8 28 141 728
8 31 154 649
8 34 291 795
8 35 215 798
8 37 175 914
8 38 185 901
8 39 87 870
8 40 46 544
8 41 178 672
8 43 249 679
8 44 72 924
8 45 328 882
8 47 241 975
8 48 21 542
9 12 233 604
9 16 137 563
9 17 70 954
9 18 147 872
9 19 38 723
9 21 236 651
9 23 248 580
9 30 301 558
9 31 62 621
9 32 250 936
9 33 231 811
9 34 251 884
9 35 273 809
9 37 180 695
9 39 122 592
9 40 240 610
9 43 305 669
9 44 261 873
9 45 234 919
9 46 148 789
9 49 267 875
10 12 182 686
10 16 266 708
10 17 285 882
10 18 195 849
10 21 179 898
10 23 212 895
10 24 195 877
10 30 56 633
10 32 146 619
10 35 74 820
10 36 225 797
10 39 258 760
10 40 281 996
10 41 118 824
10 42 277 982
10 43 39 698
10 44 265 686
10 45 231 933
10 46 263 855
10 49 131 764
11 13 63 573
11 14 31 929
11 16 178 900
11 18 146 894
11 20 142 722
11 22 199 693
11 24 99 674
11 25 128 973
11 26 88 664
11 27 305 872
11 30 107 815
11 31 214 747
11 32 48 699
11 33 161 982
11 35 39 700
11 37 107 680
11 38 137 963
11 39 174 536
11 40 183 811
11 41 50 704
11 42 189 924
11 43 63 826
11 44 168 909
11 45 243 611
11 48 170 611
11 49 161 708
12 14 83 548
12 15 241 695
12 17 211 623
12 22 137 614
12 23 37 658
12 24 35 804
12 26 173 738
12 27 261 635
12 30 182 524
12 32 36 695
12 33 203 596
12 35 114 953
12 36 43 561
12 37 114 505
12 39 113 844
12 40 99 719
12 43 146 964
12 45 276 831
12 49 216 527
13 15 280 907
13 19 301 938
13 20 164 570
13 23 177 954
13 24 160 650
13 26 25 503
13 30 70 505
13 32 112 570
13 33 157 889
13 34 158 967
13 37 143 536
13 40 246 582
13 41 92 557
13 44 230 745
13 45 239 967
14 18 174 728
14 20 172 858
14 22 213 928
14 23 104 964
14 24 86 842
14 27 326 981
14 29 284 646
14 33 192 617
14 34 201 703
14 35 69 882
14 36 120 953
14 40 174 530
14 41 80 881
14 42 200 981
14 44 156 522
14 46 181 720
14 47 208 995
14 48 171 583
15 18 106 503
15 19 123 500
15 20 115 738
15 21 144 663
15 23 270 846
15 24 276 975
15 27 117 693
15 28 159 719
15 30 238 946
15 31 99 809
15 32 244 717
15 35 234 637
15 36 261 907
15 37 144 882
15 38 114 510
15 40 287 786
15 42 178 676
15 44 301 932
15 45 131 984
15 46 193 566
15 47 92 841
15 48 236 561
15 49 185 853
16 20 157 708
16 24 131 929
16 25 89 785
16 28 97 998
16 30 246 593
16 31 89 970
16 34 241 898
16 35 192 526
16 36 99 734
16 37 128 584
16 39 21 943
16 40 105 668
16 41 149 961
16 42 13 868
16 46 11 552
16 47 182 938
16 48 54 762
16 49 248 991
17 19 81 746
17 20 112 997
17 21 165 674
17 22 117 550
17 23 236 754
17 25 109 905
17 28 134 516
17 29 160 528
17 33 162 661
17 34 182 917
17 35 222 970
17 36 225 828
17 38 101 966
17 39 121 643
17 40 247 551
17 42 135 679
17 43 251 539
17 45 165 697
17 47 103 796
17 48 195 968
17 49 199 803
18 20 34 990
18 21 118 779
18 22 120 947
18 23 174 828
18 24 177 917
18 26 199 725
18 27 174 935
18 29 149 567
18 32 139 509
18 33 99 994
18 34 120 852
18 35 131 907
18 36 170 592
18 37 38 699
18 38 10 853
18 40 209 752
18 41 96 528
18 43 160 528
18 44 216 857
18 45 146 875
18 46 130 958
18 47 58 714
18 48 164 512
19 22 68 586
19 28 149 830
19 29 241 940
19 31 43 971
19 32 221 885
19 33 228 924
19 34 248 802
19 35 252 680
19 38 145 749
19 41 209 935
19 42 88 739
19 43 285 904
19 48 152 845
19 49 263 708
20 22 154 825
20 24 192 619
20 25 68 552
20 28 74 966
20 32 146 663
20 34 86 973
20 35 119 985
20 36 191 704
20 37 42 984
20 39 137 853
20 40 234 561
20 45 120 530
20 46 161 550
20 47 37 688
20 48 192 789
20 49 97 858
21 23 270 656
21 25 155 834
21 26 193 967
21 27 256 511
21 28 158 786
21 29 63 855
21 30 123 541
21 31 197 824
21 34 30 742
21 37 123 571
21 38 112 743
21 39 223 954
21 40 318 637
21 41 154 974
21 42 245 934
21 43 164 974
21 45 52 907
21 46 247 801
21 48 278 575
22 24 162 950
22 25 92 972
22 27 131 825
22 28 108 966
22 29 258 630
22 31 63 573
22 32 162 948
22 33 219 855
22 34 240 515
22 35 209 962
22 36 131 953
22 37 133 786
22 38 128 971
22 39 25 911
22 40 135 828
22 42 20 788
22 44 156 709
22 46 43 712
22 47 174 946
22 48 85 772
23 25 136 519
23 27 276 668
23 29 318 796
23 30 217 707
23 33 240 827
23 34 256 698
23 36 18 780
23 37 150 705
23 38 172 640
23 40 69 761
23 42 128 665
23 43 177 720
23 44 54 921
23 46 105 525
23 48 76 980
24 26 184 614
24 27 290 937
24 28 121 640
24 29 316 574
24 30 204 748
24 32 55 696
24 35 135 523
24 37 149 612
24 39 140 720
24 40 88 836
24 41 115 604
24 42 144 573
24 43 162 780
24 44 70 813
24 45 310 808
24 49 246 775
25 29 190 532
25 30 166 642
25 31 86 805
25 32 109 966
25 33 131 706
25 34 152 580
25 35 125 946
25 36 130 813
25 37 40 629
25 38 43 800
25 41 83 768
25 43 159 774
25 44 175 582
25 46 92 670
25 47 99 737
25 48 123 699
25 49 159 521
26 28 175 906
26 30 70 536
26 32 136 602
26 36 214 526
26 37 163 747
26 38 189 585
26 40 270 792
26 42 273 810
26 43 39 815
26 44 254 593
26 45 245 890
26 46 258 530
26 48 259 525
26 49 145 752
27 29 243 646
27 31 91 748
27 32 279 667
27 33 254 830
27 34 273 763
27 36 261 809
27 37 208 774
27 38 184 586
27 39 150 819
27 40 264 884
27 41 260 879
27 45 249 911
27 48 215 790
28 30 149 640
28 31 111 819
28 32 85 804
28 35 103 633
28 36 116 560
28 38 53 640
28 41 59 911
28 43 137 559
28 44 163 603
28 45 195 880
28 46 98 855
28 48 120 827
29 31 205 669
29 34 93 513
29 35 218 746
29 36 316 808
29 39 249 713
29 40 358 975
29 43 227 625
29 44 363 651
29 46 277 692
29 48 313 602
29 49 112 886
30 33 97 830
30 34 93 948
30 35 69 527
30 36 226 759
30 37 126 968
30 38 144 878
30 39 234 974
30 40 282 903
30 42 254 626
30 43 51 531
30 44 272 862
30 45 175 709
30 46 245 792
30 47 146 721
30 48 258 993
30 49 75 532
31 34 206 870
31 37 120 823
31 39 70 853
31 40 195 564
31 42 81 544
31 43 244 883
31 44 213 816
31 45 207 777
31 48 143 633
32 34 195 822
32 35 80 796
32 38 133 512
32 39 137 924
32 40 135 985
32 41 60 985
32 42 149 653
32 46 130 598
32 48 123 893
32 49 191 686
33 38 91 706
33 40 290 727
33 41 121 933
33 42 224 572
33 46 224 970
34 36 259 679
34 37 115 635
34 38 112 897
34 40 308 777
34 42 245 934
34 44 307 635
34 45 82 791
34 46 244 874
34 47 78 879
34 49 20 531
35 37 94 796
35 39 184 604
35 41 44 888
35 43 34 730
35 44 203 514
35 45 209 964
35 46 189 809
35 47 151 795
35 48 195 727
35 49 122 811
36 38 169 841
36 39 112 745
36 42 112 667
36 45 311 879
36 46 88 841
36 48 58 502
37 39 112 688
37 40 194 661
37 42 134 793
37 43 124 663
37 45 162 537
37 46 130 748
37 47 80 512
37 48 155 990
38 40 210 550
38 41 87 556
38 42 133 926
38 44 216 738
38 45 144 825
38 46 134 743
38 47 57 967
38 49 122 719
39 41 140 708
39 42 22 961
39 43 219 810
39 45 248 881
39 46 31 527
39 48 74 787
39 49 231 927
40 42 115 865
40 46 95 648
40 48 51 669
41 43 78 725
41 44 176 855
41 45 201 660
41 46 146 692
41 48 157 580
42 45 269 547
42 47 183 679
42 49 253 521
43 46 224 751
43 47 171 678
43 48 228 977
43 49 120 598
44 47 273 893
45 47 87 522
45 48 310 867
45 49 100 947
46 48 43 650
46 49 251 722
47 49 96 642
