59
59
116
23
55
11
27
17
54
33
36
4
20
45
22
2
9
49
56
50
19
48
16
0
1
23
37
5
13
49
18
51
43
0 1 146 179
0 2 145 146
0 4 77 97
0 5 147 189
0 6 76 80
0 8 195 196
0 9 151 151
0 11 84 118
0 12 64 70
0 14 29 30
0 15 108 134
0 16 135 168
0 17 32 33
0 18 64 73
0 21 153 210
0 22 145 187
0 24 188 238
0 25 37 54
0 26 219 271
0 29 57 67
0 30 144 176
0 31 38 56
0 33 57 62
0 34 58 77
0 36 144 182
0 38 69 81
0 39 140 205
0 40 144 169
0 41 151 167
0 43 84 121
0 44 85 109
0 45 40 47
0 46 149 197
0 47 127 163
0 48 138 175
0 50 19 22
0 51 220 299
0 52 71 97
0 53 106 136
0 55 160 199
0 56 42 45
1 2 35 36
1 3 40 40
1 5 40 51
1 6 148 215
1 7 51 63
1 8 67 74
1 10 109 159
1 12 112 116
1 14 165 229
1 17 154 188
1 18 92 103
1 19 74 84
1 23 113 124
1 24 43 47
1 25 139 163
1 26 86 101
1 27 120 179
1 29 88 120
1 30 71 81
1 33 95 101
1 35 57 76
1 36 46 52
1 37 47 66
1 38 87 101
1 39 27 30
1 40 47 59
1 41 47 55
1 42 108 145
1 44 61 70
1 45 111 141
1 46 37 52
1 48 33 47
1 49 116 119
1 51 91 127
1 52 95 136
1 53 43 58
1 54 130 157
1 55 14 19
1 57 106 149
2 3 69 72
2 5 5 5
2 7 45 50
2 8 100 136
2 9 66 94
2 11 79 108
2 12 97 117
2 13 52 62
2 14 158 201
2 16 19 26
2 17 160 164
2 19 60 63
2 20 162 189
2 23 119 135
2 24 66 84
2 25 147 200
2 26 115 124
2 27 110 150
2 28 132 158
2 29 89 101
2 32 71 81
2 35 28 40
2 37 74 83
2 40 12 15
2 41 12 12
2 42 114 152
2 43 61 64
2 44 67 88
2 45 116 136
2 46 4 5
2 47 18 26
2 49 123 177
2 50 137 179
2 52 81 108
2 53 41 52
2 54 111 149
2 55 35 51
2 58 29 31
3 4 120 168
3 5 73 91
3 10 149 205
3 11 140 189
3 12 152 193
3 13 67 79
3 14 203 293
3 17 185 228
3 19 115 132
3 20 195 209
3 21 49 70
3 22 84 103
3 23 146 154
3 24 13 13
3 25 169 205
3 26 46 60
3 29 125 164
3 30 105 142
3 32 118 165
3 33 127 176
3 34 131 160
3 35 96 143
3 37 7 8
3 38 117 173
3 42 140 200
3 43 111 162
3 44 97 108
3 45 144 150
3 50 168 176
3 52 135 145
3 53 83 109
3 54 170 209
4 5 71 99
4 6 70 102
4 7 29 30
4 8 141 159
4 9 96 101
4 10 31 38
4 12 32 42
4 14 89 127
4 15 31 42
4 16 58 69
4 17 97 112
4 18 57 77
4 19 11 15
4 20 94 104
4 21 81 94
4 22 68 84
4 25 88 101
4 28 63 90
4 32 6 6
4 34 64 81
4 36 98 139
4 38 56 74
4 43 9 11
4 44 33 49
4 47 51 62
4 50 73 74
4 52 16 20
4 55 91 110
4 57 45 50
4 58 40 59
5 6 128 172
5 7 48 66
5 9 71 91
5 10 102 117
5 12 97 140
5 16 17 22
5 19 61 83
5 21 24 29
5 23 122 125
5 25 151 151
5 26 119 135
5 28 134 141
5 29 92 131
5 30 31 41
5 32 73 75
5 33 108 122
5 37 77 98
5 40 8 8
5 41 7 8
5 44 71 86
5 49 126 160
5 50 140 208
5 52 82 112
5 53 44 52
5 54 111 124
5 55 39 53
5 57 80 97
6 7 98 136
6 8 212 249
6 9 167 230
6 10 50 58
6 11 50 65
6 13 128 164
6 15 86 118
6 18 109 157
6 19 74 78
6 21 146 196
6 22 121 171
6 23 95 108
6 26 234 287
6 29 83 114
6 30 109 125
6 31 81 104
6 33 101 101
6 35 101 117
6 37 195 204
6 38 111 124
6 40 122 139
6 41 128 143
6 42 96 138
6 44 102 145
6 45 93 113
6 47 112 119
6 50 89 96
6 52 54 80
6 53 106 131
6 54 18 25
6 55 158 227
6 57 51 71
7 8 114 155
7 10 59 71
7 13 32 43
7 14 116 128
7 18 61 88
7 20 117 118
7 24 94 139
7 25 103 131
7 27 70 79
7 29 44 56
7 30 57 82
7 31 65 88
7 32 27 34
7 36 74 93
7 37 98 103
7 38 58 70
7 40 47 56
7 41 53 79
7 43 20 29
7 44 25 33
7 46 49 68
7 50 92 117
7 51 139 191
7 54 80 112
7 55 62 66
7 56 78 98
7 57 62 86
7 58 17 17
8 9 45 52
8 10 168 235
8 12 174 202
8 13 85 101
8 15 132 162
8 20 206 263
8 21 79 88
8 23 157 187
8 24 41 52
8 25 176 229
8 27 179 216
8 28 194 289
8 30 135 168
8 31 157 217
8 33 138 194
8 34 140 166
8 39 93 105
8 42 151 189
8 44 114 134
8 45 155 218
8 48 99 138
8 49 157 231
8 50 179 247
8 51 26 35
8 52 157 223
8 53 105 107
8 54 194 250
8 57 173 248
8 58 112 160
9 10 123 174
9 12 129 137
9 14 174 256
9 15 90 114
9 16 82 97
9 17 152 181
9 21 50 57
9 23 114 142
9 24 44 52
9 25 136 136
9 26 69 87
9 27 133 155
9 28 149 222
9 29 96 143
9 31 113 120
9 33 95 135
9 34 99 134
9 35 86 93
9 37 41 42
9 39 57 64
9 40 78 110
9 43 88 128
9 44 69 92
9 45 112 150
9 47 70 89
9 48 63 67
9 49 115 125
9 50 136 167
9 55 38 44
9 56 142 210
9 58 71 91
10 11 35 39
10 12 18 19
10 13 83 91
10 15 60 66
10 16 88 128
10 18 59 75
10 19 40 49
10 21 112 164
10 22 98 129
10 23 48 59
10 24 152 172
10 26 191 271
10 27 11 15
10 29 32 45
10 30 95 96
10 31 33 38
10 35 78 115
10 36 121 161
10 37 156 165
10 38 60 63
10 39 97 137
10 40 97 99
10 41 104 151
10 42 48 70
10 43 39 39
10 45 45 67
10 46 104 120
10 47 82 108
10 52 22 28
10 53 66 91
10 55 122 136
10 57 52 58
10 58 71 91
11 12 21 25
11 13 82 117
11 14 87 119
11 15 36 41
11 18 82 118
11 19 25 35
11 20 102 145
11 21 96 108
11 22 73 102
11 23 80 96
11 25 105 108
11 26 185 237
11 27 40 52
11 29 53 70
11 30 64 93
11 31 65 69
11 32 33 46
11 33 77 86
11 34 87 92
11 37 146 200
11 38 82 84
11 39 80 106
11 40 73 99
11 41 80 111
11 42 78 103
11 43 33 36
11 44 61 78
11 45 77 94
11 46 83 111
11 47 62 90
11 49 85 101
11 51 190 253
11 52 16 20
11 53 58 79
11 54 32 33
11 55 108 153
11 56 45 65
11 57 19 20
11 58 54 73
12 13 90 96
12 14 65 95
12 15 54 71
12 16 82 97
12 17 93 118
12 18 75 96
12 19 38 56
12 20 82 122
12 21 111 130
12 23 66 82
12 24 155 181
12 25 89 91
12 27 19 27
12 28 43 47
12 30 85 93
12 32 36 41
12 33 68 84
12 35 72 105
12 37 159 192
12 39 96 121
12 42 66 98
12 43 41 42
12 44 64 77
12 45 64 87
12 46 100 106
12 47 79 81
12 48 91 116
12 49 71 83
12 50 69 99
12 51 200 220
12 55 123 141
12 56 24 24
12 58 69 101
13 14 136 166
13 16 59 83
13 18 59 74
13 19 56 60
13 20 128 189
13 21 48 69
13 22 64 72
13 24 73 104
13 25 106 119
13 27 94 128
13 29 57 81
13 31 76 87
13 32 53 62
13 34 68 71
13 36 42 44
13 37 74 96
13 38 53 79
13 41 64 81
13 42 75 77
13 46 56 78
13 48 46 64
13 50 102 149
13 51 111 123
13 54 110 128
13 55 48 55
13 56 103 151
13 57 95 98
13 58 40 51
14 15 117 119
14 16 146 209
14 17 58 84
14 18 91 131
14 19 98 130
14 21 170 174
14 23 67 81
14 25 66 84
14 30 151 188
14 31 62 63
14 32 88 111
14 34 86 96
14 35 136 154
14 36 169 178
14 37 210 290
14 38 95 131
14 39 155 167
14 41 162 164
14 43 97 127
14 45 67 74
14 46 162 209
14 47 140 188
14 48 152 200
14 49 69 91
14 50 48 55
14 51 245 280
14 52 78 78
14 53 123 149
14 54 64 73
14 57 99 125
14 58 129 130
15 16 28 39
15 19 19 22
15 22 38 39
15 23 90 117
15 24 105 151
15 25 118 140
15 26 151 199
15 27 69 90
15 31 77 81
15 32 35 46
15 34 90 98
15 35 18 18
15 36 98 110
15 39 44 65
15 40 38 54
15 42 86 119
15 43 26 33
15 44 49 71
15 45 87 87
15 48 39 49
15 50 104 109
15 53 31 31
15 55 73 77
15 56 76 110
15 57 41 55
15 58 19 20
16 17 154 196
16 18 102 135
16 19 47 47
16 20 153 229
16 23 114 157
16 26 134 196
16 27 97 129
16 28 120 168
16 32 61 66
16 33 101 104
16 35 10 10
16 36 94 117
16 37 93 118
16 38 98 108
16 40 10 13
16 41 16 21
16 44 66 72
16 45 111 127
16 47 14 14
16 48 19 20
16 52 67 76
16 53 40 52
16 55 54 62
16 57 63 68
17 18 62 86
17 21 165 236
17 23 41 59
17 26 218 235
17 27 74 83
17 28 56 78
17 29 71 87
17 31 51 65
17 32 93 100
17 33 58 82
17 34 53 63
17 35 146 213
17 36 141 146
17 38 67 71
17 40 162 210
17 41 168 171
17 44 94 129
17 46 164 244
17 47 144 189
17 50 24 35
17 54 104 150
17 56 74 79
17 57 129 142
17 58 132 194
18 19 67 93
18 20 73 94
18 23 25 27
18 27 66 68
18 28 69 88
18 29 29 42
18 33 8 9
18 35 96 120
18 36 80 117
18 37 130 188
18 38 5 5
18 39 96 111
18 41 113 117
18 42 20 23
18 43 58 59
18 44 36 53
18 46 108 126
18 47 89 130
18 50 47 69
18 52 67 95
18 53 63 72
18 55 107 110
18 56 73 74
18 58 79 111
19 20 106 118
19 21 73 96
19 23 71 77
19 27 50 61
19 29 41 49
19 30 57 84
19 32 16 23
19 34 74 99
19 36 98 107
19 37 121 180
19 40 57 69
19 42 68 74
19 43 9 10
19 44 38 50
19 45 68 89
19 48 54 65
19 49 76 82
19 50 84 114
19 51 164 182
19 52 21 30
19 53 32 38
19 56 58 74
20 21 169 241
20 22 163 219
20 23 49 67
20 24 202 206
20 25 35 44
20 26 231 327
20 28 41 46
20 29 73 100
20 30 162 178
20 32 91 132
20 38 79 105
20 39 157 227
20 43 101 132
20 46 166 185
20 48 155 230
20 50 26 27
20 51 231 244
20 52 90 93
20 54 89 125
20 56 60 86
21 22 34 34
21 23 124 124
21 24 46 50
21 25 151 156
21 26 95 95
21 28 143 170
21 29 96 106
21 32 81 86
21 33 107 120
21 34 115 136
21 35 47 47
21 37 54 70
21 38 100 131
21 40 32 38
21 41 29 36
21 42 119 175
21 43 72 87
21 44 71 82
21 45 121 126
21 47 34 46
21 48 21 24
21 50 144 209
21 52 95 141
21 53 47 50
21 54 128 146
21 57 100 115
22 23 123 142
22 26 129 139
22 27 108 123
22 28 131 164
22 29 92 124
22 32 71 98
22 34 119 160
22 35 20 24
22 36 95 130
22 37 88 93
22 38 106 145
22 42 119 132
22 44 73 98
22 45 120 134
22 46 15 19
22 47 20 28
22 51 136 151
22 52 77 107
22 56 115 115
22 57 72 102
22 58 31 41
23 24 153 177
23 25 28 39
23 26 181 211
23 28 48 54
23 30 127 170
23 33 18 18
23 34 18 21
23 35 106 124
23 36 105 131
23 38 30 31
23 39 113 137
23 40 121 167
23 41 127 174
23 43 64 88
23 44 53 72
23 47 103 142
23 48 112 165
23 49 5 5
23 50 22 24
23 51 182 271
23 54 83 83
23 55 128 133
23 56 56 63
23 57 99 104
23 58 92 119
24 25 178 237
24 27 163 169
24 30 100 135
24 31 150 162
24 34 140 176
24 39 62 73
24 43 114 143
24 44 103 112
24 48 68 70
24 49 156 199
24 51 58 58
24 52 138 175
24 55 32 36
24 56 172 191
24 57 146 191
24 58 86 110
25 26 201 252
25 27 71 101
25 29 59 72
25 30 156 216
25 31 41 52
25 34 37 49
25 35 135 150
25 36 125 175
25 38 52 70
25 39 140 164
25 40 150 174
25 42 32 37
25 45 31 41
25 46 151 197
25 47 131 149
25 48 140 154
25 51 201 225
25 52 89 107
25 53 106 124
25 54 102 151
25 56 73 99
25 58 120 161
26 27 202 294
26 28 218 314
26 29 165 179
26 30 150 205
26 31 181 232
26 35 142 165
26 38 151 220
26 39 110 143
26 40 127 154
26 41 123 157
26 42 176 252
26 43 155 199
26 44 138 153
26 47 127 128
26 49 182 257
26 51 10 11
26 53 127 183
26 54 215 244
26 55 80 82
26 56 211 223
27 28 24 33
27 30 103 114
27 32 42 49
27 33 58 59
27 34 67 93
27 35 87 120
27 36 132 163
27 38 68 83
27 39 108 112
27 40 107 136
27 42 53 65
27 43 50 67
27 45 50 51
27 46 114 137
27 48 104 148
27 49 56 74
27 50 51 54
27 53 77 87
27 55 132 139
27 57 56 82
27 58 81 106
28 29 53 54
28 30 127 183
28 31 39 40
28 34 66 82
28 35 111 118
28 36 144 183
28 37 184 234
28 40 130 131
28 41 137 154
28 42 51 61
28 43 71 85
28 44 80 119
28 45 47 63
28 49 51 55
28 52 53 66
28 54 48 57
28 55 152 193
28 58 103 148
29 30 96 103
29 31 20 25
29 35 75 91
29 37 132 178
29 38 29 40
29 39 84 123
29 42 27 37
29 43 33 46
29 44 27 37
29 45 28 38
29 47 73 94
29 48 82 121
29 49 35 46
29 51 167 241
29 52 37 37
29 53 49 57
29 54 67 97
29 55 102 131
29 57 72 81
30 31 115 131
30 33 116 172
30 35 22 22
30 39 44 46
30 40 24 29
30 41 26 35
30 42 124 140
30 43 63 68
30 44 83 90
30 45 124 158
30 46 36 50
30 48 38 48
30 49 132 155
30 51 158 223
30 52 73 90
31 32 42 51
31 35 95 113
31 36 107 127
31 38 34 49
31 39 104 146
31 42 14 15
31 44 47 58
31 46 114 158
31 47 93 132
31 48 103 114
31 49 20 23
31 50 27 30
31 55 122 179
32 33 47 60
32 34 58 58
32 35 52 77
32 36 94 127
32 37 125 148
32 38 50 53
32 39 67 78
32 41 76 104
32 42 51 76
32 49 60 67
32 52 20 28
32 53 35 38
32 54 56 80
32 56 51 58
33 34 11 15
33 35 94 136
33 36 87 117
33 37 135 168
33 39 97 99
33 40 107 143
33 41 113 147
33 45 17 20
33 47 89 121
33 48 97 126
33 49 20 23
33 52 61 83
33 53 63 70
33 54 87 112
33 56 65 77
33 57 96 102
34 35 105 150
34 36 89 109
34 38 15 15
34 40 117 160
34 41 123 162
34 42 15 16
34 43 65 84
34 46 117 147
34 47 99 136
34 50 40 50
34 51 165 189
34 52 71 84
34 53 72 83
34 57 106 107
34 58 88 121
35 36 97 101
35 37 101 127
35 38 93 111
35 43 43 57
35 44 60 60
35 45 103 146
35 47 15 15
35 49 111 151
35 50 122 156
35 51 148 153
35 52 57 75
35 53 37 42
35 54 84 97
35 56 95 123
36 37 56 68
36 38 75 110
36 39 71 83
36 40 92 125
36 41 93 104
36 42 100 134
36 43 91 94
36 44 67 82
36 46 83 101
36 47 82 114
36 48 77 110
36 49 106 157
36 50 128 160
36 52 114 160
36 53 67 68
36 57 137 176
37 38 124 139
37 40 85 109
37 41 82 97
37 42 148 174
37 43 118 124
37 44 104 131
37 47 86 120
37 49 155 198
37 50 175 191
37 52 142 186
37 53 90 123
37 54 177 191
37 55 39 43
37 56 176 192
37 58 92 123
38 39 91 121
38 41 109 152
38 43 56 56
38 47 86 122
38 48 92 99
38 49 31 33
38 50 52 72
38 53 59 61
38 54 96 127
38 55 102 115
38 56 76 99
38 57 101 103
39 40 21 27
39 41 22 32
39 43 57 72
39 44 60 73
39 45 110 153
39 49 116 172
39 51 116 167
39 52 79 107
39 54 112 143
39 55 30 39
39 56 116 172
39 57 84 98
40 41 6 7
40 44 71 95
40 45 118 142
40 46 12 13
40 47 18 21
40 48 15 18
40 50 138 204
40 51 134 153
40 52 77 112
40 58 29 39
41 42 123 172
41 46 10 11
41 47 24 34
41 48 18 21
41 49 131 148
41 51 131 166
41 52 84 89
41 53 50 56
41 57 79 115
42 43 60 82
42 44 48 53
42 45 4 5
42 46 119 155
42 47 99 121
42 49 8 10
42 53 73 105
42 54 83 104
42 55 122 154
42 56 58 67
42 57 97 143
43 44 29 30
43 45 61 67
43 46 65 77
43 47 43 45
43 48 55 79
43 49 69 93
43 50 79 81
43 51 159 161
43 54 60 60
43 55 82 105
43 56 59 69
43 57 48 48
43 58 32 39
44 45 50 51
44 46 71 85
44 47 53 59
44 49 56 69
44 50 73 104
44 51 140 196
44 52 49 63
44 53 26 32
44 55 75 102
44 56 74 89
44 57 77 110
44 58 43 57
45 46 121 149
45 47 100 140
45 48 109 147
45 49 8 10
45 50 24 29
45 51 181 236
45 58 89 109
46 47 22 32
46 48 11 15
46 49 127 163
46 51 121 131
46 53 45 65
46 54 115 170
46 55 35 44
46 56 122 127
46 58 33 44
47 48 13 16
47 51 133 188
47 53 27 30
47 55 48 65
47 56 100 106
47 57 65 90
48 49 116 130
48 51 122 165
48 53 34 34
48 58 22 31
49 50 22 26
49 51 183 226
49 53 82 95
49 54 88 113
49 55 130 185
49 56 61 68
49 57 104 116
49 58 96 129
50 51 204 210
50 53 97 110
50 54 81 93
50 55 149 191
51 52 183 184
51 53 131 188
51 54 219 225
51 55 86 89
51 56 214 277
51 57 198 236
51 58 137 194
52 53 52 62
52 54 36 53
52 55 106 158
52 56 38 41
52 58 53 78
53 54 88 110
53 56 86 87
53 57 70 73
53 58 18 21
54 55 140 185
54 57 37 54
55 56 141 182
56 57 60 64
56 58 90 100
57 58 60 71
