59
98.55513893403233
80.0
23
6
56
4
44
48
18
26
39
15
31
36
14
37
19
3
35
30
8
27
25
34
28
2
5
1
45
48
56
10
0 1 146.0 199.6822477941906
0 3 181.0 230.04259626293685
0 4 77.0 111.8655514863053
0 5 147.0 184.98904928677922
0 6 76.0 80.64089131951296
0 7 100.0 138.72820012064403
0 8 195.0 260.67821294926796
0 9 151.0 179.3859313265831
0 10 49.0 62.469185974042524
0 11 84.0 86.13079243019395
0 13 114.0 119.35056752343539
0 14 29.0 42.965880687584956
0 15 108.0 142.3163091545089
0 16 135.0 165.75022733718578
0 17 32.0 45.13716459148349
0 18 64.0 81.86265220002906
0 19 88.0 104.45267721870245
0 20 18.0 25.045458131193655
0 21 153.0 175.06746021171375
0 22 145.0 152.74807296471096
0 23 39.0 42.19650611435674
0 24 188.0 222.71536859159033
0 25 37.0 44.09907248985032
0 26 219.0 309.62398127203477
0 27 44.0 59.09657880137633
0 28 24.0 27.72180765597948
0 30 144.0 198.0226670848308
0 31 38.0 52.767283138110095
0 32 74.0 97.29513691417917
0 33 57.0 67.43046693677323
0 34 58.0 74.78598861869953
0 35 126.0 139.82391745566255
0 36 144.0 193.5940719924493
0 37 189.0 241.13746217081982
0 38 69.0 71.1141264191193
0 39 140.0 171.26035332143
0 40 144.0 215.51467991281237
0 41 151.0 160.37241189615114
0 42 44.0 62.80985681545763
0 43 84.0 117.23750274761773
0 44 85.0 100.21834082272302
0 45 40.0 50.90953566293792
0 46 149.0 217.28030716294919
0 47 127.0 132.41000693138653
0 48 138.0 203.36885833853523
0 49 40.0 41.91554257499621
0 51 220.0 255.98511769845177
0 52 71.0 95.15974667870448
0 53 106.0 145.31250269636962
0 54 72.0 105.84215464007428
0 56 42.0 60.41917518537778
0 57 101.0 127.86982326274244
0 58 116.0 124.45380699283174
1 2 35.0 36.725428142414366
1 4 80.0 102.53468376482442
1 7 51.0 73.25363746820453
1 9 30.0 40.7438085967062
1 11 99.0 99.35524317951126
1 12 112.0 162.93039205630666
1 13 33.0 39.54703623528199
1 14 165.0 201.03980767749457
1 15 65.0 75.24188390789142
1 16 52.0 75.64473959904842
1 17 154.0 224.86865163410715
1 18 92.0 101.82048119309279
1 19 74.0 107.49083086203491
1 20 161.0 215.57217145540207
1 21 20.0 28.22173819512994
1 22 50.0 65.35481758606163
1 23 113.0 130.49544626939812
1 24 43.0 48.00894798395659
1 25 139.0 145.8779914646221
1 26 86.0 100.92661423226825
1 27 120.0 135.19258415425304
1 28 139.0 152.09862386447287
1 29 88.0 115.99423791564263
1 30 71.0 71.55146283589983
1 31 108.0 153.84195286940735
1 32 78.0 108.4799268577588
1 33 95.0 99.16313071213202
1 34 102.0 140.5961898605255
1 35 57.0 67.37928186454397
1 36 46.0 47.475490287808206
1 37 47.0 53.390263859281774
1 38 87.0 122.60302453935846
1 39 27.0 31.98122496595161
1 40 47.0 61.875949557788545
1 41 47.0 63.599539204452164
1 42 108.0 123.20592648244788
1 43 71.0 90.0027324753922
1 44 61.0 79.22751355332278
1 45 111.0 125.41455704135662
1 46 37.0 40.41570654998938
1 47 42.0 45.47539210679328
1 48 33.0 37.858177348144764
1 49 116.0 173.3192594011648
1 51 91.0 120.72585066043344
1 52 95.0 105.50955929595843
1 53 43.0 60.95224606580217
1 54 130.0 166.1378084374338
1 55 14.0 15.387420201805488
1 56 129.0 163.6405353059342
1 57 106.0 134.7897983482651
1 58 45.0 58.97776142261725
2 4 69.0 81.80163251886924
2 5 5.0 5.782507237365326
2 6 129.0 187.53590659261891
2 7 45.0 46.29277657231964
2 9 66.0 71.83824965437329
2 10 100.0 108.20610345794508
2 11 79.0 104.71221793093136
2 12 97.0 112.29897344404688
2 14 158.0 190.47470832316537
2 15 43.0 45.99118849847965
2 16 19.0 27.140592306982096
2 18 104.0 110.4482099503788
2 19 60.0 82.26536992544001
2 20 162.0 195.3775224192969
2 21 20.0 25.54955591484311
2 22 15.0 17.83332722119242
2 23 119.0 148.51441658938555
2 24 66.0 83.87381744380427
2 25 147.0 198.32875434210348
2 26 115.0 143.47926097565713
2 27 110.0 143.50298046964255
2 28 132.0 165.622767927352
2 29 89.0 98.80827167097169
2 30 36.0 36.786100886650175
2 31 110.0 138.45980009839712
2 32 71.0 74.18661829407093
2 33 104.0 140.77035121109125
2 34 113.0 123.9246606920405
2 35 28.0 36.60526639868582
2 36 81.0 83.00829924959032
2 37 74.0 108.00974277267169
2 39 10.0 14.187813517904996
2 40 12.0 15.36668167698556
2 41 12.0 12.73297999680344
2 42 114.0 165.3946323437145
2 43 61.0 62.07133117143365
2 44 67.0 68.13489141809859
2 45 116.0 137.48432931882778
2 46 4.0 4.706021723576658
2 47 18.0 23.035841045673692
2 48 7.0 10.176785148727806
2 49 123.0 181.28449537338685
2 50 137.0 185.23283106841606
2 51 122.0 133.106175470385
2 52 81.0 119.9856769339562
2 53 41.0 56.88698355388151
2 54 111.0 129.48459135471825
2 55 35.0 37.14965742277845
2 56 119.0 147.84862459809926
2 57 81.0 103.9478080988927
3 4 120.0 126.1619994454605
3 5 73.0 87.25777673085345
3 6 189.0 200.12672640810786
3 7 91.0 99.70946791268165
3 8 31.0 38.35902765800847
3 9 33.0 38.68743061943892
3 10 149.0 219.3051789439644
3 11 140.0 188.5754996941186
3 12 152.0 191.18477652054935
3 13 67.0 73.30810579596172
3 14 203.0 272.00473197704275
3 16 88.0 95.05245155044514
3 17 185.0 213.2175976908611
3 18 122.0 133.82559983853645
3 19 115.0 136.1719646269008
3 20 195.0 216.72297445707986
3 21 49.0 51.897568273916804
3 22 84.0 103.77241742268987
3 23 146.0 154.1918570864862
3 24 13.0 19.322389973088757
3 25 169.0 239.75148965795162
3 28 177.0 227.49802190153923
3 29 125.0 142.0520264635426
3 30 105.0 155.26844530740416
3 31 143.0 205.17584596780486
3 32 118.0 157.51253164646155
3 33 127.0 148.38942598748835
3 34 131.0 159.96490634430958
3 38 117.0 119.61225946730804
3 39 63.0 81.30002301780242
3 40 81.0 86.13554123819651
3 42 140.0 147.53859424312012
3 43 111.0 114.74510990634538
3 44 97.0 127.12530163263604
3 45 144.0 205.31645885206507
3 46 69.0 71.56587418252195
3 47 81.0 114.69190171564932
3 49 148.0 206.10520786093136
3 50 168.0 225.62317672860843
3 51 52.0 71.78551129947088
3 52 135.0 158.85829594077055
3 53 83.0 90.6803591062826
3 54 170.0 244.04366715719118
3 55 34.0 36.61157589267596
3 56 169.0 173.14977255082817
3 57 147.0 194.73539884623787
3 58 86.0 115.40045689392345
4 5 71.0 102.07182500129856
4 6 70.0 80.82841799743365
4 7 29.0 32.283240085720834
4 8 141.0 200.00103644794146
4 9 96.0 118.09291373753916
4 11 27.0 36.51430457439502
4 12 32.0 33.45275684875952
4 13 57.0 68.71405066267226
4 14 89.0 114.86635303974849
4 15 31.0 43.663679163899836
4 18 57.0 72.72551758272729
4 19 11.0 12.254116217774934
4 20 94.0 140.35014740915167
4 21 81.0 89.14876393024738
4 22 68.0 69.52277518394288
4 23 60.0 82.20058455432964
4 25 88.0 101.35838604397105
4 26 164.0 182.40590227093307
4 27 41.0 51.896071478374914
4 29 30.0 44.697008451265305
4 30 68.0 90.33357430004659
4 31 47.0 50.14848751847073
4 32 6.0 8.024063107745334
4 34 64.0 76.11732369813768
4 35 49.0 52.35003171927883
4 36 98.0 140.85407914295584
4 37 127.0 182.56269202019212
4 38 56.0 78.91705768251667
4 39 66.0 91.69618972599598
4 40 67.0 75.13691030661082
4 41 74.0 102.93993708372759
4 42 57.0 59.00010626116689
4 43 9.0 13.00330299983566
4 45 57.0 74.12365602842736
4 46 73.0 79.89554256838801
4 47 51.0 62.36988834625652
4 48 63.0 70.15078573349972
4 49 65.0 69.29874936842516
4 50 73.0 74.47166291358471
4 51 167.0 198.27558493892406
4 52 16.0 20.011791688702527
4 53 37.0 41.68435954260334
4 54 52.0 61.88350321639655
4 55 91.0 116.50346816318259
4 56 50.0 71.17769290937972
4 58 40.0 46.51235840669764
5 6 128.0 176.98608617498374
5 7 48.0 64.40012992585716
5 8 104.0 135.85443370169784
5 9 71.0 86.96922671607193
5 10 102.0 147.47916761540745
5 11 79.0 101.26217814015999
5 12 97.0 139.8952534435544
5 13 57.0 83.04931148229001
5 15 43.0 58.870904122352364
5 16 17.0 22.27929736404275
5 17 163.0 219.89491306663191
5 18 107.0 138.37504574963094
5 19 61.0 71.65704050825919
5 20 164.0 205.90477592846824
5 21 24.0 34.45269828464973
5 22 10.0 12.803540306229886
5 23 122.0 166.67645442927454
5 26 119.0 138.46718746414632
5 27 111.0 118.06492259442429
5 28 134.0 182.631695955297
5 29 92.0 111.71439935323905
5 30 31.0 32.271820867634794
5 31 113.0 127.51765368461612
5 32 73.0 91.25821741290781
5 33 108.0 127.9589678825567
5 34 117.0 170.64401934698182
5 35 27.0 36.56961672579199
5 36 86.0 96.6209640288648
5 37 77.0 91.23741179595824
5 38 103.0 125.74113709377747
5 39 15.0 18.36102688477824
5 40 8.0 9.58822145714003
5 41 7.0 9.421286177866538
5 42 118.0 126.06056347974643
5 43 63.0 82.2136160970715
5 44 71.0 79.39583288019041
5 45 119.0 141.63382354539505
5 46 4.0 5.86927360891478
5 47 20.0 21.146460605395344
5 48 11.0 12.997614493522333
5 49 126.0 127.87181009186624
5 50 140.0 187.93736122511305
5 51 126.0 163.95827414579185
5 52 82.0 86.30368796393162
5 53 44.0 50.434752348150056
5 55 39.0 57.23494096112395
5 56 120.0 148.8069642546784
5 57 80.0 105.72805862508073
5 58 31.0 43.53413886389477
6 7 98.0 103.84854756481418
6 8 212.0 239.19156803284014
6 9 167.0 218.90157610653247
6 10 50.0 64.81576998775996
6 11 50.0 73.02524421602705
6 12 38.0 52.51243158497286
6 13 128.0 160.73845524006992
6 14 61.0 90.03511088073321
6 15 86.0 98.3221162793874
6 17 109.0 126.4967049708686
6 18 109.0 153.37592396586473
6 19 74.0 97.27303320393024
6 20 92.0 109.57092302149138
6 23 95.0 125.19824219804926
6 24 190.0 213.05305133480812
6 25 110.0 148.29836285343976
6 26 234.0 340.80210419396866
6 27 43.0 60.67323430843978
6 28 53.0 71.72722651286843
6 29 83.0 104.56629500189959
6 31 81.0 118.13627201810851
6 32 74.0 107.92516944373112
6 33 101.0 122.74041155391718
6 34 110.0 163.00458191155425
6 35 101.0 122.22600682397776
6 36 169.0 201.55818643256666
6 38 111.0 120.57404674225542
6 39 130.0 186.73469865648266
6 40 122.0 141.1921389079897
6 41 128.0 164.94268682299924
6 43 79.0 100.61357078822107
6 44 102.0 133.73425014072433
6 45 93.0 133.3865465126276
6 46 132.0 180.4783120143013
6 47 112.0 150.16667537501775
6 48 125.0 132.10157734371825
6 49 99.0 140.65830568194212
6 50 89.0 89.59334874899743
6 51 238.0 343.8096244430138
6 52 54.0 57.385883132350365
6 53 106.0 114.09191174336993
6 54 18.0 25.670433961430774
6 55 158.0 231.5208238670295
6 56 38.0 47.469258105654276
6 57 51.0 68.0758295830613
6 58 104.0 141.2203479555464
7 9 69.0 100.57495205859158
7 10 59.0 74.13836404711134
7 12 61.0 86.57528998550374
7 13 32.0 35.3241809853628
7 14 116.0 140.1282997624447
7 15 26.0 29.338243545358168
7 16 40.0 51.16225973509549
7 17 115.0 156.284320070146
7 18 61.0 88.24047194748314
7 20 117.0 152.16308593276133
7 21 53.0 60.36459090535956
7 22 49.0 64.38763392324665
7 23 74.0 84.28034368673286
7 24 94.0 111.88863364915917
7 25 103.0 144.2514191892648
7 26 135.0 201.20171026695428
7 27 70.0 76.87500107073389
7 29 44.0 55.60755950384007
7 31 65.0 75.95916363427312
7 32 27.0 29.665714486584125
7 33 60.0 67.14724565625241
7 34 70.0 83.3446658383994
7 35 35.0 49.15515382666442
7 36 74.0 74.3171275362244
7 38 58.0 71.64319802492132
7 39 39.0 48.85739587503002
7 40 47.0 62.10275003590961
7 41 53.0 79.00267613598746
7 42 70.0 77.34306364987125
7 44 25.0 35.937770347262784
7 45 71.0 89.11456541989008
7 46 49.0 52.232136187732166
7 47 28.0 33.59799795519157
7 48 38.0 49.765855916658914
7 49 78.0 98.06141032270847
7 50 92.0 119.19233757695848
7 51 139.0 140.77536592143363
7 52 44.0 64.05863484209796
7 53 8.0 11.683090125127869
7 55 62.0 85.55893132546495
7 56 78.0 83.61090722184593
7 57 62.0 90.71418595883202
7 58 17.0 21.197255116656276
8 9 45.0 55.45345111548705
8 10 168.0 207.57190845297941
8 11 164.0 228.88703251325876
8 12 174.0 174.24037613041432
8 13 85.0 108.74348197853392
8 14 219.0 253.0239239069492
8 15 132.0 173.86158223473336
8 16 118.0 174.97001617157872
8 17 193.0 193.70108649807284
8 18 132.0 152.45909439871966
8 19 138.0 184.5564217106475
8 20 206.0 280.66299538669654
8 21 79.0 87.91900936198425
8 22 114.0 120.97596279969522
8 23 157.0 197.39305752015017
8 24 41.0 45.3335952242563
8 25 176.0 256.778618559385
8 26 25.0 35.83496042034247
8 27 179.0 194.4284151583997
8 28 194.0 290.21826339198225
8 29 141.0 173.45580984313614
8 30 135.0 192.44910684450647
8 31 157.0 189.61150394413238
8 32 138.0 141.53790142470223
8 33 138.0 189.8129056835162
8 34 140.0 184.2940591254427
8 35 124.0 166.46198842175633
8 36 51.0 56.77567596012831
8 37 31.0 39.00138435586785
8 38 126.0 132.07692615538863
8 39 93.0 135.31618113205286
8 40 111.0 144.5202044970023
8 41 109.0 109.1520756974768
8 42 151.0 198.99770630904243
8 45 155.0 186.93346341305053
8 46 99.0 144.9399259611568
8 47 109.0 127.0689371599302
8 48 99.0 140.357726160876
8 49 157.0 183.98280611849694
8 50 179.0 184.93196288940186
8 51 26.0 30.887643632303107
8 52 157.0 157.80042889445744
8 53 105.0 147.17863053521202
8 54 194.0 259.1321709294501
8 55 64.0 90.55731083056966
8 56 188.0 247.71110981897192
8 57 173.0 228.20275947629247
8 58 112.0 156.63234408829746
9 10 123.0 160.30648903508435
9 11 120.0 138.6233919403431
9 12 129.0 135.2804840036593
9 13 39.0 56.4751388010896
9 14 174.0 212.8660174795484
9 15 90.0 119.37764289795308
9 16 82.0 102.27365887061241
9 17 152.0 209.9269763944022
9 18 90.0 129.52429558528388
9 19 94.0 103.92363115707589
9 20 163.0 227.9999395166798
9 21 50.0 59.668703529589436
9 22 81.0 115.35993284881356
9 23 114.0 133.7454150870163
9 24 44.0 47.37385646830579
9 25 136.0 182.9147104332683
9 26 69.0 88.34732716373476
9 27 133.0 195.10208204653287
9 28 149.0 181.0787495830061
9 29 96.0 103.01825197641011
9 31 113.0 128.41277340411847
9 32 93.0 112.85035171744056
9 33 95.0 98.0488025374548
9 34 99.0 111.5727762818583
9 36 18.0 20.51303624290275
9 38 84.0 116.93961965042331
9 40 78.0 80.439327294581
9 41 78.0 92.11870835025923
9 42 108.0 120.75119563973362
9 43 88.0 95.1134255128537
9 44 69.0 78.12441732612751
9 45 112.0 159.99825117850543
9 46 68.0 89.3616842428623
9 47 70.0 70.58532897173824
9 48 63.0 91.20252547899521
9 49 115.0 136.00401264444315
9 50 136.0 150.69368303481465
9 51 71.0 78.36281649728814
9 52 112.0 141.5859190272289
9 53 61.0 71.90404794450187
9 54 149.0 197.76108963299376
9 55 38.0 51.06012635486593
9 56 142.0 144.87877414405918
9 57 131.0 152.0011505257678
9 58 71.0 76.86753739381555
10 11 35.0 38.98630821800111
10 12 18.0 22.39783437053939
10 13 83.0 116.42238926984223
10 14 58.0 66.09344672498865
10 15 60.0 69.71768881979533
10 16 88.0 94.30812453728413
10 17 76.0 83.6179247036321
10 18 59.0 59.53537800488649
10 19 40.0 53.66160959739599
10 20 68.0 89.57466734376615
10 22 98.0 102.64275209505692
10 23 48.0 71.42659072469277
10 24 152.0 181.4891387156822
10 25 71.0 102.59309766499831
10 26 191.0 279.95666607344896
10 27 11.0 15.789349813402865
10 28 32.0 33.175232928801144
10 29 32.0 33.2248876524738
10 31 33.0 40.903652010265134
10 33 51.0 66.34160097681777
10 34 60.0 77.94956496353493
10 35 78.0 115.53453836007476
10 36 121.0 163.3690730155974
10 37 156.0 174.91297438641925
10 38 60.0 62.087358649844866
10 39 97.0 101.8038162189958
10 40 97.0 115.96078677134135
10 41 104.0 154.3115253360199
10 42 48.0 49.039679990200064
10 43 39.0 54.816853287284246
10 44 54.0 78.78762642495539
10 45 45.0 51.00123512202167
10 46 104.0 152.88870383116992
10 47 82.0 82.75872008961201
10 48 94.0 105.82402536409118
10 49 53.0 66.56122275480699
10 51 194.0 272.9185007047037
10 53 66.0 91.30646868121721
10 55 122.0 180.8701108241814
10 56 20.0 26.801381805531868
10 57 52.0 62.35846418009278
10 58 71.0 78.58940108734411
11 12 21.0 29.41117386197272
11 13 82.0 106.31927258331814
11 14 87.0 99.38867950065836
11 15 36.0 43.3819082108222
11 16 63.0 70.78398575821441
11 17 111.0 138.74640934073076
11 18 82.0 112.30166027546713
11 20 102.0 119.57058567146635
11 21 96.0 105.93411319628044
11 22 73.0 104.14450666564056
11 23 80.0 97.83884499359571
11 24 140.0 175.64494731917756
11 25 105.0 105.19530017080554
11 26 185.0 265.41228565253675
11 27 40.0 54.771815918449
11 28 64.0 89.76111277008407
11 29 53.0 68.97595319176699
11 30 64.0 76.90070515646437
11 31 65.0 79.38520814349653
11 32 33.0 48.611335075468425
11 33 77.0 109.3986740772675
11 34 87.0 108.9897594434314
11 35 52.0 67.52201664360297
11 36 124.0 157.25511820036854
11 37 146.0 209.2972501622857
11 39 80.0 82.50501405308012
11 40 73.0 104.3964524695512
11 41 80.0 94.50211401600576
11 42 78.0 93.59611111856599
11 43 33.0 46.98446513042399
11 44 61.0 85.43649942659546
11 45 77.0 114.95518281563103
11 46 83.0 86.47613181183362
11 47 62.0 65.03525520285528
11 48 75.0 88.16098970810279
11 49 85.0 114.80202609872848
11 50 86.0 116.77403266272012
11 51 190.0 197.6751228514393
11 52 16.0 19.14834996272101
11 53 58.0 86.65794047035958
11 54 32.0 44.9547742719993
11 55 108.0 128.34528518970868
11 56 45.0 55.88637984114074
11 57 19.0 23.8922876587971
11 58 54.0 72.26024714847725
12 13 90.0 114.01185411152112
12 14 65.0 93.64824177913461
12 15 54.0 70.6595539443145
12 16 82.0 116.53796480553083
12 17 93.0 131.82041474369305
12 18 75.0 82.52281774829387
12 19 38.0 48.46934249786734
12 20 82.0 115.6221571449159
12 21 111.0 141.26995120517995
12 22 92.0 93.52036028337618
12 23 66.0 85.69889840576086
12 25 89.0 99.11870648724877
12 26 196.0 273.38342749435947
12 27 19.0 26.135644879799955
12 28 43.0 64.07936063825105
12 29 47.0 49.30712173642452
12 30 85.0 86.00576201365988
12 31 51.0 57.637128017488386
12 32 36.0 47.67033084538498
12 33 68.0 76.03995678142358
12 35 72.0 78.20316426721176
12 36 130.0 142.3065672341395
12 37 159.0 165.10818692493532
12 38 76.0 90.28255243725036
12 39 96.0 113.83853262571466
12 40 92.0 96.67361920153992
12 41 99.0 112.22158481645187
12 42 66.0 94.89906407836327
12 45 64.0 92.49819464247403
12 48 91.0 100.86510309626294
12 49 71.0 94.92702977628561
12 50 69.0 100.49561249336784
12 51 200.0 216.32117375865852
12 52 17.0 23.720711276867835
12 53 69.0 93.87628717487179
12 54 20.0 27.752832934580965
12 56 24.0 31.49520845666886
12 57 36.0 43.63055384694323
13 14 136.0 148.1592561933554
13 16 59.0 68.12850031007177
13 18 59.0 66.92246056127712
13 19 56.0 83.83001987733662
13 20 128.0 171.8667662153478
13 21 48.0 61.59166336889368
13 22 64.0 93.2023802181584
13 23 80.0 87.97623557806283
13 24 73.0 99.50915902459121
13 25 106.0 145.2685255649483
13 26 108.0 151.11332406466045
13 27 94.0 133.07935372005227
13 28 110.0 134.51130752216756
13 29 57.0 77.48570474853184
13 30 79.0 87.34832526508217
13 31 76.0 101.91350710036278
13 32 53.0 70.4393446877189
13 33 62.0 86.21889617569268
13 34 68.0 90.72566099215125
13 35 59.0 81.55199794495766
13 36 42.0 57.57303995292112
13 37 74.0 104.2719202923814
13 38 53.0 78.80533353244832
13 39 42.0 44.14400712198817
13 40 61.0 87.17485215095375
13 41 64.0 95.74443033891419
13 42 75.0 102.19313832644734
13 43 49.0 56.80321890118339
13 44 30.0 35.21288254206234
13 45 78.0 109.18326417631476
13 46 56.0 60.924039594427626
13 47 45.0 56.049341306441754
13 48 46.0 50.21992137538958
13 49 83.0 93.68808138943227
13 50 102.0 103.85885971333947
13 51 111.0 128.5630830774567
13 52 73.0 100.32462560064732
13 53 25.0 29.552681854755235
13 54 110.0 135.29042037959698
13 55 48.0 54.35755136722304
13 56 103.0 132.60818762612868
13 57 95.0 133.90907985129627
13 58 40.0 54.999405725530785
14 15 117.0 171.40286062860034
14 16 146.0 155.76087203793273
14 17 58.0 70.3834171875458
14 18 91.0 114.8741551522629
14 19 98.0 121.27486159927395
14 21 170.0 248.71738134526817
14 22 156.0 233.6058560175695
14 23 67.0 79.80712807955379
14 24 208.0 231.3874503986979
14 26 243.0 286.3531169004883
14 27 48.0 52.45573007872659
14 28 26.0 31.022025250948563
14 29 78.0 94.98979017061379
14 30 151.0 183.9093079786577
14 31 62.0 71.68875857514837
14 33 83.0 89.2494431891123
14 34 86.0 94.6280426365675
14 35 136.0 179.1217624455442
14 36 169.0 207.00856284923424
14 37 210.0 236.0743877854639
14 38 95.0 98.3876900388149
14 40 155.0 174.0448097766063
14 41 162.0 201.10503512162643
14 42 71.0 78.50342453741726
14 44 105.0 120.32492455724962
14 45 67.0 92.2030837414376
14 46 162.0 235.07327976153886
14 47 140.0 141.93074327213267
14 48 152.0 165.99728425288438
14 49 69.0 75.17577479974823
14 50 48.0 70.02997674740797
14 51 245.0 276.7177807793351
14 52 78.0 108.45335464329736
14 53 123.0 135.62190960171486
14 54 64.0 91.66361753053383
14 55 178.0 237.96482626193972
14 57 99.0 109.64457113267122
14 58 129.0 130.48939924234188
15 16 28.0 35.9488414081264
15 17 128.0 165.71914444265798
15 18 82.0 111.85550862652052
15 19 19.0 23.329201175083522
15 20 126.0 159.5632513021016
15 21 60.0 77.981205456056
15 22 38.0 41.13984148675935
15 23 90.0 104.16000241977599
15 24 105.0 152.19646846613037
15 25 118.0 155.19230883506557
15 26 151.0 213.4599414215247
15 27 69.0 86.42765354245726
15 28 92.0 111.42998041736644
15 29 59.0 71.94576023576658
15 30 37.0 47.552630568762524
15 31 77.0 106.02896482275467
15 32 35.0 35.07821857090933
15 33 80.0 96.67495833287569
15 34 90.0 91.63576741920619
15 35 18.0 18.91642363801077
15 36 98.0 140.54269364779503
15 37 111.0 135.319576765769
15 38 80.0 85.08097751291047
15 39 44.0 55.593398581606536
15 40 38.0 52.648033340563565
15 41 45.0 54.47290782606193
15 42 86.0 113.52551731715349
15 43 26.0 27.85499393255711
15 45 87.0 95.99016938199055
15 46 47.0 50.17175566636745
15 47 26.0 27.74358387267535
15 48 39.0 51.139819450561916
15 49 95.0 100.80358542439318
15 51 157.0 171.45020107952254
15 52 38.0 56.463301457434014
15 54 68.0 96.03822031686755
15 55 73.0 95.17588920024842
15 56 76.0 100.80999272081881
15 57 41.0 55.698467543865604
15 58 19.0 20.954847898434615
16 17 154.0 176.45091319605487
16 18 102.0 108.79509667483023
16 19 47.0 64.9321143890511
16 20 153.0 224.79423736139915
16 21 39.0 39.16371351788944
16 22 10.0 14.994576268205467
16 23 114.0 131.4822701762153
16 24 85.0 110.37798894814928
16 25 142.0 186.33148563293324
16 26 134.0 179.6929043455888
16 27 97.0 130.1887775307164
16 28 120.0 140.6420708238666
16 29 83.0 88.47617888067089
16 30 20.0 20.43875933701072
16 31 103.0 109.18073733593044
16 32 61.0 70.8063965221999
16 33 101.0 126.8638699192147
16 34 111.0 138.21532899478072
16 35 10.0 11.100952716170468
16 36 94.0 122.35490627646487
16 37 93.0 93.4318442647585
16 38 98.0 103.41546532871723
16 39 25.0 25.79980935821007
16 40 10.0 12.299345329845714
16 41 16.0 16.885729428601564
16 42 110.0 162.1989818383691
16 43 51.0 51.31896140514374
16 44 66.0 71.96379024829247
16 45 111.0 115.62518609665511
16 46 21.0 31.266545609742966
16 47 14.0 20.547612023360987
16 48 19.0 21.217739401498765
16 49 118.0 136.20852767633616
16 50 130.0 136.53044734516016
16 51 141.0 174.3652056193005
16 52 67.0 99.63745558426739
16 53 40.0 46.51967169873938
16 54 95.0 109.43332152834337
16 55 54.0 60.91374897559794
16 56 105.0 129.6932522856032
16 57 63.0 78.70173819495623
16 58 23.0 24.463819500686718
17 18 62.0 69.2729437942979
17 19 109.0 137.44023381293758
17 20 23.0 26.352013368603686
17 22 163.0 163.61622784632257
17 23 41.0 56.668812861688366
17 24 193.0 250.55114419148313
17 25 16.0 17.53417608850137
17 26 218.0 315.14057024609406
17 27 74.0 93.89578451947274
17 28 56.0 70.1470706488176
17 29 71.0 96.48459479144965
17 30 166.0 194.30015538045632
17 32 93.0 133.77748810641995
17 33 58.0 81.89146590585757
17 34 53.0 62.60092082764284
17 35 146.0 217.02200104541808
17 37 192.0 232.23074989014012
17 38 67.0 88.33573638790773
17 39 154.0 163.39838994259048
17 41 168.0 199.5032809777963
17 42 46.0 67.00201527170198
17 44 94.0 94.25242546555239
17 46 164.0 210.6249267738334
17 47 144.0 188.12950798038534
17 48 153.0 158.74374475618106
17 49 38.0 47.24507489659226
17 50 24.0 33.25229724842561
17 52 96.0 136.18614119274687
17 53 119.0 143.0634349659735
17 54 104.0 146.73790241505677
17 55 168.0 249.30115968327004
17 56 74.0 109.6781615316345
17 57 129.0 143.6421797450242
17 58 132.0 186.33529218409808
18 19 67.0 81.37150549022897
18 20 73.0 79.03878964224931
18 21 105.0 116.04191694391785
18 23 25.0 29.738471305774777
18 25 47.0 65.99219484306957
18 26 157.0 168.96129425671776
18 27 66.0 90.98448056523199
18 28 69.0 74.65936255756739
18 29 29.0 34.274454857431905
18 30 118.0 171.84561329626618
18 31 30.0 44.78435182285147
18 32 51.0 76.21681326735927
18 33 8.0 9.61356058891902
18 34 9.0 9.518587733293067
18 35 96.0 124.09141027411675
18 36 80.0 87.35810135462464
18 38 5.0 5.9417973346567035
18 39 96.0 117.29338030250902
18 40 108.0 125.78752711682738
18 41 113.0 115.13800190169134
18 42 20.0 20.558725463344594
18 44 36.0 37.515637993856025
18 45 24.0 25.78435057436516
18 46 108.0 112.01735096603214
18 47 89.0 89.60271745172749
18 48 96.0 106.79276627421231
18 49 25.0 27.554336532922964
18 50 47.0 70.41891665698653
18 51 157.0 233.06059940564802
18 52 67.0 88.25563354633348
18 53 63.0 91.9869787546644
18 54 95.0 127.05795740268292
18 55 107.0 145.46980247856345
18 56 73.0 95.21283730141333
18 58 79.0 98.75792159246369
19 20 106.0 154.3387910065294
19 21 73.0 76.63427725269054
19 22 58.0 65.53986844823592
19 23 71.0 100.07322410277817
19 24 117.0 154.4598999629691
19 25 99.0 139.97407607060268
19 26 160.0 167.6472775868421
19 27 50.0 53.98370761560242
19 28 73.0 99.91551733811184
19 29 41.0 41.3539886433376
19 30 57.0 83.32115556379257
19 31 58.0 65.35351311845962
19 32 16.0 23.898780323215902
19 33 63.0 75.32149204711152
19 35 38.0 55.76614150385195
19 36 98.0 105.92486216365285
19 37 121.0 176.30083145598587
19 38 65.0 89.69483834846919
19 39 58.0 69.28769496225564
19 40 57.0 75.6255810151635
19 41 63.0 86.63925714460065
19 42 68.0 75.42449905888718
19 43 9.0 9.17451831909517
19 44 38.0 45.385842795685164
19 45 68.0 78.22879894162536
19 46 64.0 74.0949490480387
19 47 41.0 61.13309452098227
19 48 54.0 59.812136629520985
19 49 76.0 102.19291660530597
19 50 84.0 113.75936016596647
19 51 164.0 164.65171696180715
19 52 21.0 27.73693725702447
19 53 32.0 40.43782467553124
19 54 55.0 73.64184470518056
19 55 85.0 120.99954826049562
19 56 58.0 63.7110844433211
19 57 39.0 48.467040429236945
19 58 31.0 34.634329768476604
20 21 169.0 188.5560190667346
20 22 163.0 164.26427761961216
20 23 49.0 64.08085465841967
20 24 202.0 234.3139553983198
20 25 35.0 52.13711420162145
20 26 231.0 251.50601082422466
20 27 63.0 68.62495534733308
20 28 41.0 49.9757818222093
20 29 73.0 76.79388880524871
20 30 162.0 192.24994599773393
20 31 52.0 60.651989180439706
20 33 67.0 79.33395455086806
20 34 66.0 72.61804067101662
20 35 144.0 195.6739493174869
20 36 154.0 207.4147441615886
20 37 202.0 207.16466522612987
20 38 79.0 104.99195834733989
20 39 157.0 201.3014687368066
20 40 162.0 180.05293851329586
20 41 168.0 250.1409538067815
20 42 54.0 80.0250781535054
20 43 101.0 124.70212220051515
20 44 99.0 136.85375299034914
20 45 50.0 70.26312411421362
20 46 166.0 175.9609125617094
20 47 144.0 174.7349595818718
20 48 155.0 223.3164076488947
20 49 48.0 65.9742539544697
20 50 26.0 30.85251188203149
20 51 231.0 265.1189003348014
20 52 90.0 127.82324156724535
20 53 122.0 137.23913999858073
20 54 89.0 98.63338067579046
20 55 175.0 197.2687912032028
20 56 60.0 62.30656074821689
20 57 119.0 164.6233300364283
20 58 133.0 169.49179698691893
21 23 124.0 162.8636448067963
21 24 46.0 61.35225485381311
21 25 151.0 220.92731066347372
21 26 95.0 127.28856516897439
21 27 123.0 140.4404285779612
21 28 143.0 201.95671808106397
21 29 96.0 106.81366196117092
21 31 117.0 165.753600533735
21 32 81.0 91.23399812341111
21 33 107.0 152.13270974104066
21 34 115.0 146.78307699227454
21 35 47.0 55.46704670452311
21 36 66.0 77.15776834457522
21 37 54.0 66.57315432762786
21 38 100.0 132.4285623679637
21 39 16.0 23.931067527905295
21 40 32.0 44.45739616082357
21 41 29.0 39.96879954078117
21 42 119.0 165.01117844913492
21 43 72.0 84.11551809875598
21 44 71.0 97.62864547799806
21 45 121.0 126.0644164224634
21 46 19.0 20.107300100654598
21 47 34.0 41.81085918693413
21 48 21.0 22.271682341611143
21 49 127.0 138.5417767635954
21 50 144.0 185.3155259929199
21 51 102.0 119.87327161338602
21 52 95.0 102.80838312712604
21 53 47.0 55.23271724192257
21 54 128.0 187.01939308600856
21 56 131.0 183.0925877680878
21 58 42.0 61.31211799911373
22 23 123.0 123.04116798192813
22 24 79.0 99.62855436509165
22 25 151.0 175.6557253746635
22 26 129.0 141.35979118186816
22 27 108.0 144.10783494171085
22 28 131.0 169.32029104536952
22 29 92.0 102.90816935594282
22 30 21.0 29.121221241448765
22 31 112.0 167.18583627358447
22 32 71.0 92.97343046280113
22 33 110.0 128.6536782161641
22 34 119.0 158.54587389463913
22 35 20.0 24.780489463544626
22 36 95.0 99.54861399928467
22 37 88.0 118.89196551586097
22 38 106.0 149.9985177341727
22 39 24.0 26.179096784876506
22 40 3.0 3.838677994877128
22 41 7.0 7.324533145608176
22 42 119.0 127.99567696322494
22 43 61.0 71.43592635212794
22 44 73.0 96.04097873102357
22 45 120.0 158.7158400730623
22 47 20.0 23.528679097064344
22 48 18.0 21.197530866607902
22 51 136.0 165.1196371569563
22 52 77.0 103.92723220632284
22 53 47.0 50.935697015738405
22 54 105.0 120.34607726574859
22 55 50.0 51.487551112784715
22 56 115.0 169.5717806993646
22 57 72.0 80.06909456106102
22 58 31.0 36.84563762263692
23 24 153.0 189.0500802248512
23 25 28.0 33.9161816629981
23 26 181.0 214.85142738514324
23 27 52.0 68.86019816072049
23 28 48.0 54.766499650132104
23 29 31.0 41.67151731639838
23 30 127.0 189.5266808032375
23 31 15.0 21.076842834872522
23 33 18.0 22.528541707612014
23 34 18.0 24.70243030840748
23 35 106.0 153.4668382724763
23 36 105.0 156.33799142755595
23 38 30.0 41.87341925798581
23 39 113.0 165.59067227600553
23 40 121.0 153.08064399173028
23 41 127.0 129.17464004891426
23 42 5.0 5.248727142961908
23 44 53.0 53.225854371845294
23 45 3.0 3.975646703243333
23 46 123.0 162.1797334278946
23 47 103.0 119.99423980264037
23 48 112.0 146.53677336670572
23 49 5.0 5.511258546857016
23 50 22.0 29.389804436681008
23 51 182.0 262.5132718871495
23 52 64.0 86.4380134179066
23 53 78.0 104.88056086132885
23 54 83.0 90.86522347043683
23 55 128.0 159.80256998857104
23 56 56.0 72.8753763665593
23 58 92.0 116.44952861069179
24 25 178.0 188.74973793024006
24 26 50.0 69.85606979438799
24 27 163.0 196.95255418287917
24 28 182.0 225.29077190639654
24 29 131.0 153.73674516702664
24 30 100.0 101.71584538585566
24 32 121.0 130.14355931182214
24 33 135.0 148.3524765713667
24 34 140.0 182.56445514999658
24 35 93.0 101.49641412750462
24 36 61.0 91.18720970892318
24 37 10.0 12.12865866938413
24 38 125.0 135.43195435565565
24 39 62.0 84.4001354305055
24 40 77.0 107.23768270693105
24 41 73.0 86.02904038802946
24 42 148.0 215.03451122156343
24 43 114.0 168.9293739107108
24 45 151.0 207.3974911315079
24 46 64.0 85.99642566465923
24 47 80.0 81.7108423337533
24 48 68.0 100.05741620570072
24 49 156.0 170.55219292811924
24 50 175.0 188.11051092329154
24 51 58.0 81.41055607261904
24 52 138.0 140.33610995230805
24 53 86.0 99.64006987428043
24 54 172.0 227.6947705617154
24 55 32.0 32.40097598197505
24 57 146.0 192.30113815894907
24 58 86.0 114.58903004544031
25 27 71.0 79.20095765660417
25 29 59.0 77.88105535123847
25 30 156.0 156.21900035807116
25 33 43.0 50.727782860345386
25 35 135.0 174.4263512264518
25 36 125.0 157.98878876729304
25 37 177.0 229.50900000971566
25 38 52.0 72.91053891861314
25 39 140.0 204.47727333676713
25 40 150.0 204.99745270295432
25 41 156.0 191.65330632328957
25 42 32.0 36.99593543860385
25 43 92.0 122.27595819823722
25 44 80.0 109.93750491282032
25 45 31.0 45.573738085099755
25 46 151.0 215.487064807612
25 47 131.0 133.53248172120803
25 48 140.0 145.3488242005969
25 49 24.0 30.872765145370998
25 50 21.0 24.358092360522562
25 51 201.0 251.90885878676906
25 52 89.0 127.98411082379279
25 53 106.0 134.5765319441714
25 54 102.0 150.5030786534909
25 56 73.0 102.63767527614327
25 57 123.0 129.05088445644975
25 58 120.0 161.22762453887182
26 27 202.0 273.21836402866785
26 28 218.0 312.9561423069635
26 30 150.0 219.61837647442908
26 31 181.0 216.66476177141394
26 32 161.0 225.68180977959668
26 33 163.0 169.72741608803236
26 34 165.0 222.4447921282259
26 35 142.0 207.64283897497106
26 36 76.0 100.1166786909195
26 37 41.0 53.59093571375266
26 38 151.0 189.77703418055094
26 39 110.0 145.6082825861552
26 40 127.0 172.5058639354919
26 41 123.0 160.20436135685623
26 43 155.0 218.56693323719455
26 44 138.0 166.21044920927574
26 45 180.0 214.8354935097949
26 46 114.0 151.05850878404235
26 47 127.0 178.45070710916423
26 48 116.0 171.69879235209592
26 49 182.0 194.6020659695578
26 50 204.0 239.5889968880444
26 52 179.0 219.60782006324843
26 53 127.0 178.4435690261671
26 54 215.0 288.31200606574265
26 55 80.0 93.55210376494256
26 57 193.0 195.35823578948282
26 58 132.0 147.16584569362684
27 28 24.0 28.049904993433145
27 29 41.0 57.66299622470847
27 30 103.0 126.13962609289479
27 31 38.0 41.356686650825196
27 32 42.0 51.508330108202124
27 33 58.0 75.4618010327596
27 34 67.0 97.61361841939515
27 35 87.0 98.00915680279029
27 36 132.0 180.37537775953444
27 37 167.0 192.06240157602903
27 38 68.0 73.08232429663995
27 39 108.0 138.01565150922124
27 40 107.0 122.29756244808092
27 41 114.0 137.14371883667826
27 42 53.0 56.377438335055004
27 43 50.0 67.12162357960389
27 44 65.0 90.41190295663307
27 45 50.0 70.39200990123302
27 46 114.0 139.1147503064685
27 47 92.0 135.08394539614133
27 48 104.0 152.920658503796
27 49 56.0 73.21737526737782
27 50 51.0 71.79357814722258
27 51 205.0 264.7227725721384
27 52 30.0 31.728233434293504
27 53 77.0 82.07548004862215
27 54 31.0 45.84569183174529
27 55 132.0 135.2784581476321
27 56 9.0 9.263828655610737
27 57 56.0 65.19850495409595
27 58 81.0 115.60943545513571
28 29 53.0 71.24333506941018
28 30 127.0 170.63606235440798
28 31 39.0 44.229878968284034
28 32 62.0 89.68057462977835
28 33 61.0 86.48682899173983
28 34 66.0 66.58852944132975
28 35 111.0 135.270891077005
28 36 144.0 187.48404643975206
28 37 184.0 192.60741663257295
28 39 129.0 188.98666306366803
28 40 130.0 130.97486201718405
28 41 137.0 153.09624532131497
28 42 51.0 53.217180468403825
28 43 71.0 72.1045675240296
28 44 80.0 109.643563783262
28 45 47.0 61.90235031997926
28 46 136.0 203.93912668320874
28 47 114.0 146.9933111917857
28 48 126.0 174.91431777709698
28 49 51.0 73.58388123067516
28 50 37.0 49.01983095731433
28 51 220.0 278.8938529776731
28 52 53.0 61.564694013394735
28 53 97.0 139.701636898444
28 54 48.0 53.01679075067553
28 55 152.0 164.40367745587503
28 56 19.0 27.006080759803567
28 57 79.0 108.35083455792945
28 58 103.0 142.1995682214437
29 30 96.0 128.5366651766402
29 31 20.0 20.269658989999016
29 32 24.0 25.38126480184068
29 33 23.0 24.92874240794185
29 34 34.0 38.90579995927911
29 35 75.0 97.96105962179197
29 36 92.0 128.6729576451182
29 37 132.0 147.7658028795433
29 38 29.0 31.084526219865328
29 39 84.0 101.28412077779403
29 40 91.0 119.04368410778572
29 41 97.0 107.23886892322042
29 42 27.0 38.534880206085326
29 43 33.0 49.13716199159965
29 44 27.0 33.91389655686957
29 45 28.0 40.367631676861485
29 46 94.0 114.52633801970862
29 47 73.0 77.80915493441852
29 49 35.0 38.43919997212359
29 50 48.0 50.22324255692682
29 51 167.0 206.8842337447868
29 52 37.0 49.97952734343435
29 53 49.0 58.92388338100936
29 54 67.0 74.63107865551298
29 55 102.0 130.10617124152603
29 56 49.0 69.8385330021709
29 57 72.0 100.75584469225525
29 58 61.0 61.840513292347474
30 31 115.0 119.5001810311332
30 32 72.0 77.090709592372
30 33 116.0 116.81273778462496
30 34 127.0 189.14803051612486
30 35 22.0 30.310032235030313
30 36 114.0 169.58578124464975
30 37 109.0 145.34658782799926
30 38 115.0 119.62868840667045
30 39 44.0 48.161367677396804
30 40 24.0 33.45401748115617
30 41 26.0 30.879215900801764
30 43 63.0 91.6589975096136
30 44 83.0 118.68778131804515
30 45 124.0 164.64467776985998
30 47 33.0 39.94267379541559
30 48 38.0 45.29141231513944
30 49 132.0 133.65086474487336
30 50 142.0 181.65636105439603
30 51 158.0 209.85252693430076
30 53 59.0 73.03774321103934
30 54 94.0 122.87609610635948
30 55 71.0 86.48886184514494
30 56 110.0 161.37218968039036
30 57 58.0 66.07043737336187
30 58 41.0 48.141010951081206
31 32 42.0 57.04812215645073
31 33 22.0 26.28867469773235
31 34 29.0 33.19264888741746
31 35 95.0 118.46898340808167
31 36 107.0 157.7570962852421
31 37 151.0 192.75709890602639
31 38 34.0 41.71257303059471
31 39 104.0 116.99324621078752
31 40 111.0 134.11408704750087
31 42 14.0 14.452556337446044
31 43 52.0 56.61082993895063
31 44 47.0 63.03270017299485
31 45 12.0 15.048900272850775
31 46 114.0 141.98645681942727
31 47 93.0 121.57663559831603
31 48 103.0 137.22791033132995
31 50 27.0 33.89582892662697
31 51 183.0 253.78419549466278
31 53 70.0 95.02916956199596
31 54 68.0 99.42281121942615
31 56 43.0 49.28135940782951
31 57 84.0 92.00545285758152
31 58 82.0 116.65645189344994
32 33 47.0 59.347431505037804
32 34 58.0 62.684567097730444
32 35 52.0 56.66550657942742
32 36 94.0 108.0705596537357
32 38 50.0 69.8615711526784
32 39 67.0 95.22881374218848
32 40 70.0 102.82769375692148
32 41 76.0 80.57324873620863
32 42 51.0 52.43241431726644
32 45 52.0 67.83714573149729
32 46 75.0 99.69200843758128
32 47 53.0 59.552936923430565
32 48 64.0 76.6578246393373
32 49 60.0 74.44458218782617
32 50 69.0 95.08807333487874
32 51 164.0 200.15415305140976
32 52 20.0 29.24587197425975
32 53 35.0 43.51618574886084
32 54 56.0 83.13536460806645
32 55 90.0 115.33672599499522
32 56 51.0 72.16540648220406
32 57 51.0 74.06285871999836
32 58 41.0 45.14254391549182
33 35 94.0 115.02541420238913
33 36 87.0 119.89832690689434
33 37 135.0 164.71590965327348
33 38 12.0 15.459783030059866
33 39 97.0 97.76478805601018
33 40 107.0 123.83585631121355
33 41 113.0 143.17250768568232
33 42 13.0 19.161204609533666
33 43 54.0 54.63497456639244
33 44 37.0 54.0325768106203
33 45 17.0 17.777446176274825
33 46 108.0 142.50789659330587
33 47 89.0 122.3790289031569
33 48 97.0 143.1887195203091
33 49 20.0 25.141778493367184
33 50 41.0 43.77734452075221
33 51 163.0 197.71336737734362
33 52 61.0 87.39433644607871
33 53 63.0 64.67662848425476
33 54 87.0 89.06469882585131
33 55 110.0 132.0200533028155
33 56 65.0 73.30140603356071
33 58 78.0 95.04538343618037
34 35 105.0 133.03579418982554
34 36 89.0 93.76222743257313
34 37 139.0 144.6319214971001
34 38 15.0 21.908271290523622
34 39 106.0 108.3053138782434
34 40 117.0 118.27754426769239
34 41 123.0 175.58553872104522
34 42 15.0 15.692555143537955
34 43 65.0 81.47330801712555
34 44 46.0 68.6211890600062
34 45 19.0 24.69680071758653
34 46 117.0 165.44631379910587
34 47 99.0 147.7188729712505
34 48 106.0 124.1043127472121
34 49 18.0 25.287824394797617
34 50 40.0 52.102450829345
34 51 165.0 244.37184533816176
34 52 71.0 84.28164183559306
34 53 72.0 84.12887492726094
34 54 96.0 139.6928259894059
34 56 72.0 76.01276538060698
34 57 106.0 126.02559100605905
34 58 88.0 122.3931530956847
35 36 97.0 145.30884606496892
35 37 101.0 101.8215957416898
35 38 93.0 106.54686547408966
35 39 32.0 44.09478748941477
35 40 20.0 22.455770902236697
35 41 27.0 30.567019860840144
35 42 102.0 135.98772720395317
35 44 60.0 64.22544591085965
35 45 103.0 135.2928296662477
35 46 31.0 37.61786825235328
35 47 15.0 16.733567315110957
35 48 26.0 38.12108795084962
35 49 111.0 137.11394845407196
35 50 122.0 154.78408366069354
35 51 148.0 193.64434827581738
35 52 57.0 61.8087108895308
35 53 37.0 40.7051079005977
35 54 84.0 99.09663575328244
35 55 62.0 78.95319817671643
35 56 95.0 134.64821788370506
35 58 19.0 23.048579388407187
36 37 56.0 69.30515958287606
36 38 75.0 101.4647792505049
36 39 71.0 79.8857961446483
36 40 92.0 111.03367807017706
36 41 93.0 137.14193824093007
36 42 100.0 104.42572867709714
36 43 91.0 132.2822405177732
36 45 104.0 105.68321257059524
36 46 83.0 86.30516356476049
36 47 82.0 106.33142692337469
36 48 77.0 113.25055631379755
36 49 106.0 147.28547926359008
36 50 128.0 141.28868801883863
36 51 76.0 93.98944034628956
36 52 114.0 131.46270926228047
36 53 67.0 95.19336305626032
36 55 56.0 60.37378526668918
36 56 141.0 146.9360984318406
36 57 137.0 186.25914395640785
36 58 80.0 88.9012273280332
37 38 124.0 163.1814404573551
37 39 69.0 93.48453479737312
37 40 85.0 100.95369316530633
37 41 82.0 105.55429427680707
37 43 118.0 150.6502741031479
37 44 104.0 139.3900633992865
37 45 151.0 198.0253690189412
37 46 73.0 74.84839126147766
37 47 86.0 86.58824029747151
37 48 75.0 101.14986462938263
37 49 155.0 161.9405572066769
37 50 175.0 256.9020921319208
37 51 48.0 67.52100733622304
37 52 142.0 185.5022235952879
37 53 90.0 120.66353842925488
37 54 177.0 248.56825529746035
37 55 39.0 57.822814344163035
37 56 176.0 222.8879443785269
37 57 152.0 152.8483992254145
38 40 104.0 142.55314261685083
38 41 109.0 159.25211306762742
38 42 25.0 29.793736757917255
38 43 56.0 63.19967334243728
38 44 32.0 44.548564760793994
38 45 29.0 34.85809201259223
38 46 103.0 105.02642787165041
38 47 86.0 109.3153278552872
38 48 92.0 95.17445852322767
38 49 31.0 33.03425229735868
38 50 52.0 72.59399830033726
38 51 152.0 178.64343189825732
38 52 67.0 73.11641795253205
38 53 59.0 71.46294405895607
38 54 96.0 136.48248934782077
38 55 102.0 141.9953718757639
38 56 76.0 86.51462093602541
38 58 75.0 83.92478194808842
39 40 21.0 29.365948357373036
39 41 22.0 24.995055308536408
39 42 108.0 144.85586266853235
39 43 57.0 84.24296049179044
39 44 60.0 60.75004202800274
39 45 110.0 118.6967842825849
39 46 13.0 14.664496961787666
39 47 18.0 25.20687154964292
39 49 116.0 127.39588070846848
39 50 132.0 157.0219033431122
39 51 116.0 127.70202949113735
39 53 34.0 49.49966383821267
39 54 112.0 149.83982949488026
39 55 30.0 39.470604044429244
39 56 116.0 172.78341361262284
39 57 84.0 100.41986753026947
39 58 26.0 31.006163248973976
40 42 117.0 158.12520181403093
40 43 60.0 88.66740864071073
40 44 71.0 73.10422087804177
40 45 118.0 124.73241495050104
40 46 12.0 17.21192097751649
40 47 18.0 19.957205015476667
40 48 15.0 17.095983198024218
40 49 125.0 135.20786012860523
40 50 138.0 140.12598805571182
40 51 134.0 142.38154210925623
40 52 77.0 82.04754004621012
40 53 45.0 64.94898522383596
40 54 105.0 109.30249597991701
40 55 47.0 56.87296807984468
40 56 115.0 155.92775484631198
41 42 123.0 154.8239249195576
41 43 66.0 78.92365124633798
41 44 76.0 90.69318859770316
41 45 124.0 185.75518918460614
41 46 10.0 12.199799156247213
41 48 18.0 26.640279215659756
41 49 131.0 148.45704279971804
41 50 145.0 179.4686620545584
41 51 131.0 150.20499621452512
41 52 84.0 88.84436754129901
41 53 50.0 58.966158139374414
41 54 111.0 145.75067962897018
41 55 45.0 57.083853217962826
41 56 122.0 148.69006922104663
41 57 79.0 98.7412405839106
41 58 35.0 46.52061905779556
42 43 60.0 64.47980023153755
42 44 48.0 49.053091828923016
42 46 119.0 146.574313572645
42 47 99.0 106.25147633152923
42 49 8.0 11.716341976552554
42 50 27.0 30.87557423707237
42 52 62.0 70.24933419777139
42 54 83.0 119.6699793442746
42 55 122.0 181.40843412470448
42 56 58.0 84.64321260323167
42 57 97.0 133.50605200446424
42 58 87.0 118.72376823346049
43 44 29.0 34.322532877223935
43 45 61.0 65.11559147251154
43 47 43.0 46.907569867606526
43 48 55.0 76.083330267563
43 49 69.0 73.31138063364008
43 50 79.0 91.24534277953362
43 51 159.0 191.07316984820923
43 52 24.0 30.088622299311737
43 53 28.0 37.19904831498673
43 54 60.0 87.753891222096
43 55 82.0 99.38294019203327
43 56 59.0 67.79468170105822
43 57 48.0 56.44177225140503
43 58 32.0 46.14100987229635
44 45 50.0 58.958192420939625
44 46 71.0 102.37834328839924
44 47 53.0 78.85352677566866
44 48 60.0 67.84993036332712
44 49 56.0 70.5852387371008
44 51 140.0 167.60219712818815
44 52 49.0 50.88063466980219
44 53 26.0 31.774292204840023
44 54 84.0 108.00319663707594
44 55 75.0 100.46400257300864
44 56 74.0 94.57429531475351
44 58 43.0 48.369527776967566
45 47 100.0 124.28790165047839
45 49 8.0 11.257124861409906
45 50 24.0 33.77285916337652
45 51 181.0 222.06482585795735
45 52 61.0 91.4518444500114
45 53 75.0 83.47557751051184
45 54 81.0 104.75201388811394
45 55 125.0 173.11533253300829
45 56 55.0 72.76296941758214
45 58 89.0 99.2660294277554
46 47 22.0 32.618721339020055
46 48 11.0 13.788972788358763
46 49 127.0 137.52749814868898
46 51 121.0 138.5841567631058
46 52 85.0 112.67949729131396
46 53 45.0 60.29757920035565
46 54 115.0 167.09217169740637
46 55 35.0 48.08661251568015
46 57 84.0 102.65161764917646
46 58 33.0 41.8301218087716
47 48 13.0 14.595639053355331
47 49 107.0 148.8926917993681
47 50 120.0 149.39352822664068
47 51 133.0 145.10181957378822
47 52 62.0 77.89363654382603
47 53 27.0 33.4159034503989
47 54 94.0 118.59279396350395
47 55 48.0 69.18879331888287
47 56 100.0 146.8651884522867
47 57 65.0 97.3355158803407
47 58 11.0 12.229502127958078
48 49 116.0 123.6796114103543
48 50 130.0 134.79894402246248
48 51 122.0 144.5945990703008
48 52 75.0 84.48804449569201
48 53 34.0 47.588120114621574
48 56 113.0 162.41029361808387
48 57 78.0 83.7823282641459
49 51 183.0 189.74923610098912
49 52 69.0 76.897950757399
49 53 82.0 116.77027030604982
49 54 88.0 110.20532946077645
49 55 130.0 168.93876554068714
49 56 61.0 81.96767195884864
49 57 104.0 131.71849234940638
49 58 96.0 109.93477278924681
50 51 204.0 254.74531964126095
50 52 72.0 90.81625267938679
50 53 97.0 129.1657926324052
50 54 81.0 87.87624710455982
50 55 149.0 187.4128724347611
50 56 51.0 65.70379344962292
50 57 104.0 132.40145645750155
50 58 109.0 143.82613883731648
51 52 183.0 233.68496383246205
51 53 131.0 193.15229510041593
51 54 219.0 286.01299161512395
51 55 86.0 93.74149725474005
51 56 214.0 216.2105213992215
51 57 198.0 259.3180533325078
52 54 36.0 49.39531178387288
52 55 106.0 152.56479250860937
52 56 38.0 46.9142286927897
52 58 53.0 77.46192667058614
53 54 88.0 91.84094196320234
53 55 55.0 79.00660723631242
53 57 70.0 102.37496274822472
53 58 18.0 25.05176609739416
54 56 30.0 37.03572268037625
54 57 37.0 43.862388332169786
54 58 86.0 87.74475437696427
55 56 141.0 174.30610099742648
55 57 114.0 129.99020435743682
55 58 54.0 66.72818840407983
56 58 90.0 133.639892608863
57 58 60.0 60.542106147350566
