59
99
116
23
21
54
52
56
29
3
45
49
9
42
39
17
12
50
35
41
32
2
58
0
55
16
43
5
2
39
54
34
14
0 1 146 172
0 2 145 161
0 4 77 111
0 5 147 182
0 6 76 113
0 8 195 273
0 9 151 159
0 11 84 114
0 12 64 76
0 13 114 169
0 15 108 149
0 16 135 166
0 17 32 38
0 18 64 65
0 22 145 148
0 23 39 50
0 25 37 51
0 27 44 45
0 28 24 27
0 29 57 57
0 31 38 40
0 34 58 84
0 35 126 137
0 36 144 198
0 37 189 229
0 38 69 91
0 42 44 61
0 43 84 104
0 46 149 196
0 48 138 198
0 51 220 257
0 54 72 74
0 55 160 209
1 2 35 40
1 4 80 83
1 6 148 215
1 7 51 51
1 8 67 86
1 11 99 106
1 16 52 60
1 18 92 104
1 20 161 206
1 21 20 20
1 23 113 135
1 24 43 43
1 25 139 144
1 27 120 174
1 28 139 166
1 29 88 113
1 30 71 91
1 31 108 150
1 32 78 112
1 33 95 127
1 34 102 134
1 35 57 82
1 38 87 88
1 39 27 27
1 41 47 55
1 42 108 115
1 43 71 102
1 44 61 78
1 46 37 51
1 48 33 47
1 50 134 145
1 51 91 118
1 55 14 16
1 57 106 132
1 58 45 58
2 3 69 85
2 4 69 79
2 5 5 6
2 7 45 56
2 9 66 82
2 11 79 98
2 12 97 129
2 14 158 223
2 16 19 27
2 18 104 109
2 20 162 187
2 21 20 22
2 23 119 142
2 26 115 135
2 27 110 143
2 28 132 165
2 29 89 105
2 30 36 45
2 31 110 112
2 32 71 97
2 33 104 114
2 35 28 32
2 36 81 108
2 37 74 91
2 39 10 13
2 40 12 12
2 42 114 161
2 43 61 91
2 44 67 67
2 47 18 23
2 50 137 154
2 54 111 146
2 57 81 86
2 58 29 34
3 4 120 177
3 5 73 83
3 6 189 256
3 9 33 46
3 11 140 152
3 13 67 83
3 14 203 281
3 17 185 195
3 18 122 168
3 20 195 277
3 21 49 49
3 23 146 212
3 24 13 16
3 26 46 57
3 27 160 187
3 28 177 198
3 29 125 162
3 30 105 143
3 31 143 207
3 32 118 154
3 33 127 160
3 34 131 166
3 36 49 54
3 37 7 8
3 40 81 101
3 41 78 113
3 42 140 174
3 43 111 124
3 46 69 82
3 47 81 109
3 48 70 77
3 49 148 193
3 51 52 75
3 56 169 189
3 57 147 209
4 5 71 84
4 6 70 100
4 7 29 29
4 8 141 143
4 9 96 99
4 11 27 37
4 12 32 36
4 13 57 82
4 15 31 42
4 16 58 79
4 17 97 128
4 20 94 136
4 23 60 80
4 25 88 115
4 26 164 219
4 28 63 73
4 29 30 40
4 30 68 88
4 33 53 77
4 34 64 74
4 35 49 55
4 38 56 65
4 39 66 84
4 40 67 69
4 43 9 13
4 44 33 41
4 45 57 68
4 46 73 76
4 47 51 58
4 48 63 87
4 49 65 86
4 53 37 50
4 54 52 67
4 55 91 112
4 56 50 56
4 57 45 59
5 6 128 166
5 9 71 106
5 12 97 101
5 14 160 186
5 17 163 244
5 18 107 137
5 19 61 90
5 20 164 182
5 23 122 125
5 24 69 82
5 25 151 186
5 27 111 166
5 28 134 139
5 30 31 35
5 31 113 114
5 33 108 137
5 34 117 169
5 35 27 35
5 36 86 102
5 37 77 97
5 38 103 104
5 40 8 9
5 43 63 82
5 49 126 176
5 50 140 202
5 52 82 114
5 53 44 47
5 54 111 131
5 55 39 47
5 57 80 80
5 58 31 38
6 7 98 102
6 10 50 67
6 12 38 38
6 15 86 123
6 16 112 136
6 20 92 125
6 23 95 109
6 24 190 201
6 25 110 134
6 26 234 287
6 27 43 51
6 28 53 60
6 31 81 118
6 34 110 133
6 35 101 129
6 36 169 244
6 37 195 273
6 40 122 173
6 42 96 100
6 43 79 79
6 44 102 103
6 45 93 96
6 46 132 176
6 47 112 128
6 48 125 171
6 50 89 130
6 51 238 336
6 52 54 54
6 54 18 26
6 57 51 58
7 8 114 144
7 10 59 79
7 16 40 54
7 17 115 136
7 18 61 70
7 20 117 163
7 21 53 57
7 24 94 111
7 26 135 196
7 28 90 109
7 32 27 38
7 34 70 80
7 35 35 43
7 37 98 136
7 40 47 63
7 42 70 82
7 43 20 20
7 45 71 74
7 46 49 61
7 47 28 38
7 48 38 51
7 50 92 100
7 53 8 11
7 56 78 96
7 58 17 20
8 9 45 45
8 11 164 175
8 12 174 195
8 13 85 95
8 17 193 237
8 18 132 141
8 19 138 190
8 20 206 304
8 22 114 149
8 24 41 53
8 26 25 32
8 27 179 266
8 32 138 162
8 39 93 103
8 40 111 117
8 42 151 188
8 43 133 181
8 44 114 138
8 45 155 208
8 46 99 114
8 47 109 127
8 48 99 119
8 50 179 261
8 51 26 31
8 53 105 123
8 54 194 241
8 55 64 64
8 56 188 203
8 57 173 207
9 10 123 145
9 11 120 131
9 12 129 150
9 13 39 51
9 14 174 190
9 15 90 94
9 16 82 108
9 19 94 136
9 20 163 169
9 22 81 121
9 24 44 50
9 25 136 148
9 27 133 178
9 28 149 161
9 29 96 100
9 31 113 160
9 32 93 124
9 34 99 133
9 38 84 111
9 40 78 111
9 42 108 117
9 45 112 152
9 47 70 104
9 48 63 68
9 49 115 151
9 50 136 145
9 56 142 206
10 11 35 43
10 12 18 20
10 13 83 110
10 14 58 58
10 15 60 72
10 16 88 124
10 17 76 96
10 18 59 66
10 19 40 44
10 20 68 74
10 21 112 165
10 23 48 66
10 24 152 154
10 27 11 14
10 28 32 38
10 29 32 47
10 31 33 35
10 34 60 60
10 35 78 102
10 36 121 169
10 37 156 211
10 38 60 75
10 39 97 102
10 41 104 121
10 45 45 63
10 47 82 122
10 48 94 112
10 49 53 67
10 50 51 55
10 53 66 74
10 55 122 124
10 57 52 75
10 58 71 82
11 12 21 23
11 13 82 103
11 14 87 93
11 15 36 44
11 16 63 77
11 17 111 155
11 19 25 32
11 20 102 110
11 23 80 116
11 24 140 187
11 28 64 81
11 29 53 63
11 33 77 111
11 34 87 93
11 37 146 213
11 38 82 89
11 39 80 97
11 43 33 40
11 45 77 87
11 47 62 71
11 49 85 113
11 51 190 213
11 53 58 71
11 56 45 56
11 58 54 69
12 13 90 107
12 16 82 121
12 19 38 38
12 20 82 99
12 23 66 66
12 25 89 118
12 27 19 25
12 28 43 60
12 29 47 47
12 31 51 71
12 32 36 48
12 36 130 186
12 39 96 104
12 41 99 113
12 43 41 43
12 44 64 68
12 47 79 105
12 48 91 106
12 49 71 79
12 51 200 218
12 53 69 76
12 54 20 28
12 56 24 27
13 14 136 136
13 15 57 75
13 16 59 61
13 18 59 67
13 21 48 63
13 22 64 91
13 23 80 101
13 27 94 104
13 29 57 79
13 32 53 66
13 33 62 75
13 34 68 85
13 36 42 45
13 37 74 83
13 42 75 102
13 43 49 55
13 44 30 38
13 47 45 62
13 48 46 51
13 50 102 111
13 51 111 127
13 53 25 26
13 54 110 146
13 58 40 50
14 15 117 137
14 17 58 71
14 18 91 108
14 19 98 134
14 21 170 224
14 22 156 174
14 24 208 273
14 27 48 51
14 28 26 31
14 31 62 89
14 32 88 117
14 34 86 112
14 36 169 198
14 38 95 128
14 39 155 232
14 41 162 232
14 42 71 81
14 43 97 118
14 45 67 67
14 46 162 188
14 47 140 144
14 48 152 223
14 50 48 58
14 52 78 85
14 53 123 159
14 54 64 76
14 55 178 262
14 56 41 45
15 16 28 36
15 17 128 178
15 18 82 107
15 19 19 28
15 20 126 170
15 21 60 61
15 22 38 56
15 24 105 131
15 25 118 154
15 27 69 74
15 29 59 81
15 33 80 93
15 35 18 18
15 37 111 134
15 41 45 51
15 42 86 123
15 45 87 126
15 47 26 32
15 48 39 46
15 52 38 55
15 53 31 38
15 56 76 91
15 57 41 50
16 17 154 207
16 18 102 145
16 20 153 179
16 21 39 41
16 23 114 125
16 25 142 186
16 30 20 28
16 35 10 11
16 36 94 97
16 37 93 115
16 38 98 115
16 39 25 37
16 43 51 54
16 45 111 122
16 46 21 25
16 47 14 20
16 51 141 177
16 52 67 91
16 53 40 51
16 54 95 136
16 55 54 75
16 57 63 77
16 58 23 23
17 18 62 87
17 19 109 112
17 20 23 33
17 21 165 167
17 24 193 213
17 28 56 73
17 34 53 72
17 35 146 201
17 36 141 209
17 37 192 219
17 38 67 98
17 39 154 213
17 41 168 205
17 43 103 103
17 44 94 124
17 45 43 52
17 46 164 198
17 48 153 157
17 49 38 51
17 52 96 129
17 56 74 96
17 57 129 175
18 19 67 96
18 20 73 81
18 21 105 147
18 24 131 176
18 25 47 50
18 26 157 166
18 27 66 88
18 28 69 75
18 30 118 130
18 33 8 11
18 34 9 12
18 36 80 86
18 37 130 194
18 38 5 5
18 39 96 128
18 40 108 133
18 42 20 22
18 43 58 81
18 45 24 35
18 46 108 144
18 48 96 106
18 49 25 37
18 50 47 65
18 51 157 196
18 52 67 96
18 54 95 141
18 56 73 95
18 57 101 116
18 58 79 96
19 20 106 155
19 21 73 93
19 22 58 61
19 24 117 153
19 28 73 103
19 29 41 47
19 30 57 83
19 31 58 72
19 32 16 22
19 33 63 80
19 37 121 155
19 39 58 63
19 42 68 72
19 43 9 11
19 45 68 97
19 46 64 74
19 49 76 102
19 50 84 105
19 52 21 24
19 54 55 60
19 56 58 75
19 57 39 46
19 58 31 37
20 21 169 204
20 22 163 190
20 23 49 69
20 24 202 216
20 25 35 52
20 27 63 66
20 28 41 50
20 29 73 104
20 30 162 174
20 31 52 62
20 33 67 90
20 34 66 70
20 35 144 169
20 36 154 194
20 37 202 230
20 41 168 182
20 42 54 75
20 43 101 117
20 45 50 55
20 47 144 150
20 48 155 180
20 50 26 28
20 51 231 311
20 52 90 132
20 53 122 152
20 55 175 224
20 56 60 83
20 57 119 123
20 58 133 189
21 22 34 37
21 23 124 177
21 24 46 54
21 25 151 191
21 26 95 106
21 27 123 137
21 29 96 107
21 32 81 91
21 33 107 113
21 34 115 149
21 36 66 68
21 38 100 100
21 39 16 16
21 41 29 33
21 42 119 137
21 43 72 81
21 44 71 72
21 45 121 149
21 49 127 158
21 50 144 191
21 52 95 119
21 54 128 132
21 55 15 20
21 57 100 132
21 58 42 43
22 23 123 172
22 24 79 108
22 25 151 219
22 27 108 108
22 28 131 178
22 29 92 101
22 31 112 139
22 38 106 118
22 39 24 31
22 42 119 163
22 43 61 62
22 46 15 16
22 47 20 22
22 48 18 23
22 50 140 207
22 52 77 104
22 53 47 64
22 55 50 53
22 56 115 151
22 57 72 96
22 58 31 33
23 24 153 198
23 25 28 29
23 26 181 216
23 28 48 62
23 30 127 146
23 31 15 21
23 32 55 78
23 36 105 120
23 39 113 148
23 40 121 137
23 43 64 94
23 44 53 73
23 45 3 4
23 46 123 159
23 47 103 133
23 50 22 24
23 51 182 268
23 52 64 85
23 53 78 89
23 56 56 60
23 57 99 109
23 58 92 112
24 25 178 198
24 26 50 72
24 29 131 181
24 30 100 129
24 31 150 198
24 32 121 125
24 33 135 152
24 34 140 153
24 35 93 93
24 36 61 71
24 37 10 14
24 39 62 69
24 40 77 100
24 41 73 103
24 42 148 156
24 43 114 163
24 45 151 153
24 46 64 81
24 48 68 71
24 51 58 66
24 52 138 203
24 53 86 89
24 55 32 45
24 56 172 202
24 57 146 208
24 58 86 102
25 26 201 214
25 27 71 106
25 29 59 70
25 30 156 202
25 31 41 43
25 32 83 96
25 34 37 41
25 35 135 163
25 36 125 143
25 38 52 74
25 42 32 34
25 43 92 121
25 46 151 213
25 47 131 150
25 50 21 23
25 51 201 272
25 52 89 109
25 54 102 102
25 55 154 219
25 56 73 80
25 57 123 129
26 27 202 294
26 28 218 276
26 29 165 167
26 31 181 267
26 33 163 213
26 36 76 97
26 37 41 58
26 38 151 165
26 42 176 205
26 43 155 172
26 44 138 191
26 45 180 269
26 47 127 178
26 48 116 153
26 49 182 206
26 52 179 240
26 53 127 187
26 55 80 84
26 57 193 242
26 58 132 149
27 28 24 34
27 30 103 136
27 31 38 54
27 32 42 42
27 34 67 91
27 37 167 232
27 38 68 94
27 39 108 159
27 40 107 153
27 41 114 158
27 42 53 62
27 43 50 70
27 44 65 65
27 45 50 55
27 46 114 127
27 48 104 115
27 49 56 73
27 52 30 33
27 53 77 77
27 54 31 40
27 57 56 82
27 58 81 107
28 29 53 54
28 30 127 165
28 31 39 42
28 34 66 88
28 35 111 141
28 36 144 157
28 40 130 186
28 43 71 106
28 44 80 104
28 45 47 66
28 47 114 135
28 48 126 135
28 49 51 66
28 50 37 41
28 51 220 324
28 53 97 121
28 54 48 54
28 55 152 189
28 57 79 92
29 30 96 107
29 31 20 22
29 32 24 25
29 34 34 43
29 35 75 95
29 36 92 128
29 38 29 35
29 39 84 121
29 40 91 105
29 41 97 121
29 42 27 36
29 44 27 28
29 46 94 138
29 47 73 80
29 48 82 86
29 51 167 179
29 52 37 39
29 53 49 73
29 54 67 74
29 55 102 118
29 57 72 102
30 31 115 169
30 33 116 120
30 37 109 140
30 40 24 32
30 42 124 129
30 43 63 79
30 44 83 85
30 45 124 149
30 46 36 37
30 47 33 42
30 48 38 40
30 50 142 205
30 51 158 175
30 52 73 93
30 53 59 77
30 54 94 129
30 56 110 154
30 57 58 70
30 58 41 59
31 32 42 56
31 33 22 22
31 34 29 31
31 35 95 132
31 37 151 165
31 38 34 46
31 39 104 106
31 41 117 128
31 43 52 63
31 44 47 58
31 45 12 17
31 47 93 115
31 48 103 111
31 49 20 25
31 50 27 33
31 52 49 59
31 53 70 88
31 54 68 86
32 33 47 64
32 34 58 72
32 36 94 94
32 37 125 180
32 38 50 66
32 39 67 73
32 40 70 83
32 42 51 66
32 44 28 30
32 45 52 63
32 46 75 107
32 48 64 67
32 49 60 85
32 50 69 91
32 52 20 29
32 55 90 129
32 56 51 56
32 57 51 58
32 58 41 51
33 34 11 14
33 36 87 87
33 38 12 13
33 39 97 121
33 41 113 139
33 42 13 17
33 43 54 64
33 45 17 24
33 46 108 109
33 48 97 143
33 52 61 62
33 53 63 91
33 55 110 152
33 57 96 134
34 35 105 150
34 36 89 98
34 37 139 150
34 38 15 21
34 39 106 135
34 40 117 120
34 41 123 159
34 45 19 25
34 46 117 131
34 47 99 145
34 48 106 122
34 50 40 52
34 51 165 195
34 52 71 104
34 53 72 86
34 57 106 136
34 58 88 90
35 36 97 109
35 38 93 136
35 40 20 21
35 42 102 130
35 43 43 61
35 44 60 65
35 45 103 120
35 46 31 45
35 47 15 15
35 49 111 117
35 51 148 161
35 54 84 93
35 55 62 64
35 57 53 72
36 37 56 72
36 39 71 73
36 40 92 134
36 41 93 95
36 46 83 99
36 47 82 103
36 48 77 108
36 49 106 133
36 50 128 147
36 52 114 158
36 53 67 85
36 54 151 158
36 55 56 61
36 57 137 151
36 58 80 101
37 38 124 139
37 39 69 79
37 40 85 116
37 44 104 104
37 45 151 212
37 46 73 104
37 47 86 92
37 48 75 103
37 49 155 186
37 51 48 69
37 53 90 113
37 56 176 261
37 57 152 167
38 39 91 95
38 40 104 154
38 43 56 75
38 45 29 29
38 46 103 122
38 47 86 118
38 48 92 114
38 49 31 38
38 51 152 173
38 54 96 103
38 55 102 122
38 56 76 77
38 57 101 112
39 40 21 27
39 41 22 30
39 43 57 61
39 45 110 141
39 46 13 13
39 48 6 8
39 49 116 154
39 51 116 162
39 52 79 104
39 53 34 49
39 54 112 117
39 55 30 39
39 57 84 118
40 41 6 6
40 45 118 144
40 46 12 15
40 47 18 20
40 48 15 18
40 52 77 111
40 53 45 47
40 54 105 117
40 56 115 154
40 57 73 107
40 58 29 40
41 42 123 165
41 43 66 66
41 44 76 96
41 45 124 141
41 48 18 25
41 50 145 211
41 51 131 193
41 52 84 121
41 54 111 114
41 55 45 45
41 57 79 87
41 58 35 35
42 43 60 66
42 44 48 61
42 45 4 5
42 47 99 110
42 49 8 10
42 50 27 33
42 51 177 201
42 53 73 78
42 54 83 83
42 57 97 122
43 44 29 35
43 45 61 68
43 48 55 76
43 49 69 101
43 50 79 101
43 52 24 30
43 53 28 28
43 55 82 83
43 56 59 77
43 57 48 66
43 58 32 35
44 45 50 71
44 46 71 91
44 48 60 78
44 49 56 78
44 50 73 109
44 51 140 152
44 52 49 54
44 53 26 29
44 55 75 99
44 58 43 58
45 46 121 159
45 47 100 101
45 48 109 159
45 50 24 24
45 51 181 226
45 52 61 67
45 53 75 87
45 54 81 92
45 55 125 137
45 56 55 65
45 57 96 134
45 58 89 132
46 47 22 31
46 48 11 12
46 49 127 158
46 53 45 65
46 54 115 170
46 56 122 172
46 57 84 105
47 48 13 18
47 51 133 180
47 53 27 36
47 54 94 139
47 55 48 65
47 56 100 124
47 58 11 12
48 49 116 163
48 50 130 184
48 52 75 91
48 54 107 148
48 57 78 79
49 50 22 31
49 51 183 198
49 54 88 110
49 55 130 134
49 56 61 80
49 57 104 133
49 58 96 141
50 51 204 236
50 53 97 111
50 56 51 52
50 57 104 118
51 52 183 245
51 53 131 173
51 54 219 321
51 55 86 112
51 56 214 318
51 57 198 202
52 53 52 63
52 55 106 117
52 56 38 49
52 57 35 44
52 58 53 60
53 54 88 131
53 55 55 67
53 56 86 120
53 58 18 20
54 55 140 198
54 56 30 39
54 57 37 37
54 58 86 103
55 56 141 145
55 58 54 59
56 57 60 62
57 58 60 62
