59
99.30264835120691
80.0
5
37
17
20
25
55
5
31
6
5
46
10
0 1 146.0 173.8826969130826
0 2 145.0 148.68527218735255
0 3 181.0 194.82028650622897
0 4 77.0 93.46635737515504
0 5 147.0 148.88618416920832
0 6 76.0 76.08850173528297
0 7 100.0 109.5056056756168
0 8 195.0 254.46253083104236
0 9 151.0 219.62590882591346
0 10 49.0 52.88323287881556
0 12 64.0 77.75214320364401
0 13 114.0 152.35623568409656
0 14 29.0 41.84149066065949
0 15 108.0 139.80044564791586
0 16 135.0 156.25143685117703
0 17 32.0 40.858573334306264
0 19 88.0 100.70990124692536
0 20 18.0 20.227630650704068
0 21 153.0 186.6203092237033
0 22 145.0 155.5672150411011
0 23 39.0 56.75435202039288
0 24 188.0 246.5071222461766
0 26 219.0 220.28185107290656
0 27 44.0 56.6550473143309
0 28 24.0 33.707764423011554
0 29 57.0 67.05797490445892
0 30 144.0 168.23382853799552
0 32 74.0 105.21263652709696
0 33 57.0 82.28672356325707
0 34 58.0 75.40316342505491
0 35 126.0 174.09876372105109
0 36 144.0 147.25965992988208
0 37 189.0 235.43101222028815
0 38 69.0 97.35107265149725
0 40 144.0 198.3489689759465
0 41 151.0 196.71791836017053
0 42 44.0 62.26101124956113
0 44 85.0 111.92782162820014
0 45 40.0 57.53254755292909
0 46 149.0 159.06918502784984
0 47 127.0 182.64322917650776
0 48 138.0 142.6289130375363
0 49 40.0 53.95307592344384
0 50 19.0 21.397521712610807
0 51 220.0 272.0227802199171
0 53 106.0 123.19657061461996
0 54 72.0 96.12967192844282
0 55 160.0 161.31183578464956
0 56 42.0 49.518489348281676
0 57 101.0 140.25722640479654
0 58 116.0 149.77658371070055
1 2 35.0 48.8812547208353
1 3 40.0 44.4510167390726
1 4 80.0 119.90451669147603
1 6 148.0 166.36175976192936
1 7 51.0 62.86023862609058
1 8 67.0 92.5956504554344
1 9 30.0 36.63934455681508
1 10 109.0 116.78245913965114
1 12 112.0 145.67632658014386
1 13 33.0 43.71152300665311
1 14 165.0 231.6670074138159
1 15 65.0 68.321277087139
1 16 52.0 72.1863942636443
1 17 154.0 215.73694384905016
1 18 92.0 103.09552199233266
1 19 74.0 87.31185593751967
1 20 161.0 208.84236367238245
1 21 20.0 29.045212549853538
1 22 50.0 61.040453177388734
1 24 43.0 55.878451602385965
1 25 139.0 174.27170921826075
1 26 86.0 117.78925106539147
1 27 120.0 176.1100903314156
1 28 139.0 186.42876747896258
1 29 88.0 93.53278747953061
1 30 71.0 73.6039190223036
1 31 108.0 161.75411433765493
1 32 78.0 93.22995118065842
1 33 95.0 137.70790425117318
1 34 102.0 132.61272087069062
1 35 57.0 57.39528019123307
1 36 46.0 68.70572258927385
1 37 47.0 67.2585404491252
1 38 87.0 100.17811005534392
1 39 27.0 40.092612700902315
1 40 47.0 50.99261884192316
1 41 47.0 64.71658416360326
1 42 108.0 131.88216353324424
1 43 71.0 94.37429790080574
1 44 61.0 84.30513223688345
1 45 111.0 124.86412756498217
1 46 37.0 37.331793788849794
1 47 42.0 48.867150393147085
1 48 33.0 35.72548255591204
1 49 116.0 172.93961933740417
1 50 134.0 189.11200356940304
1 52 95.0 133.7871069471317
1 53 43.0 45.9073116902544
1 55 14.0 15.05846512381422
1 56 129.0 192.97946528101238
1 57 106.0 156.63582688307054
1 58 45.0 58.088648890231056
2 3 69.0 90.52970798953507
2 4 69.0 95.5875747879604
2 5 5.0 6.701010912152912
2 7 45.0 65.75458862926962
2 8 100.0 149.5105914267952
2 9 66.0 86.45093018612158
2 10 100.0 120.55220099611465
2 11 79.0 103.97425033573911
2 12 97.0 125.65990761788078
2 13 52.0 59.084047047137965
2 14 158.0 175.88765322071885
2 15 43.0 57.51945125323953
2 16 19.0 22.4811419257489
2 18 104.0 119.15381965158197
2 19 60.0 78.81219985064025
2 20 162.0 212.20578816659898
2 21 20.0 28.564449233556495
2 22 15.0 18.08339970577965
2 23 119.0 141.37777666023834
2 25 147.0 193.37082811220336
2 26 115.0 130.4724160872879
2 28 132.0 145.4711813504466
2 30 36.0 45.348171451967154
2 31 110.0 126.36648142459639
2 32 71.0 76.44660620076174
2 33 104.0 105.25296133338746
2 34 113.0 117.9653491443434
2 35 28.0 32.778978917287375
2 36 81.0 99.30357848734353
2 37 74.0 86.94184553468844
2 38 99.0 110.86924535495046
2 39 10.0 10.226395804261585
2 40 12.0 17.185860971018833
2 41 12.0 16.746268239777546
2 42 114.0 129.8235615392789
2 43 61.0 67.85362090046051
2 44 67.0 92.7773450438267
2 45 116.0 140.40552678373598
2 46 4.0 4.286878640785629
2 47 18.0 18.016154073415574
2 48 7.0 8.796780117164744
2 49 123.0 147.77973402851302
2 51 122.0 127.52700932205376
2 52 81.0 86.35626967218722
2 53 41.0 51.918328914084235
2 55 35.0 49.66195061128576
2 56 119.0 159.3090998600873
2 57 81.0 114.46713489007728
2 58 29.0 35.842145395083534
3 4 120.0 127.17497871206515
3 5 73.0 76.34224668547584
3 6 189.0 263.5080114610032
3 7 91.0 102.2041524126872
3 9 33.0 38.00055810605645
3 10 149.0 206.21906017811588
3 11 140.0 183.42466010469897
3 12 152.0 172.7955168030189
3 13 67.0 86.93557500534304
3 14 203.0 273.628869114663
3 15 105.0 137.7419483047782
3 16 88.0 117.36561769339974
3 17 185.0 203.28062473279633
3 18 122.0 137.4927360231746
3 19 115.0 117.0110109760673
3 21 49.0 65.09527888195089
3 22 84.0 87.12083338217867
3 24 13.0 16.203753671136266
3 25 169.0 246.66545851469346
3 26 46.0 66.74022806211909
3 27 160.0 220.55656591475656
3 28 177.0 235.13060075184353
3 30 105.0 126.46308494668438
3 31 143.0 174.92652799581515
3 32 118.0 157.962309093753
3 34 131.0 167.88792151904138
3 35 96.0 135.15228767034398
3 36 49.0 66.15634466123093
3 37 7.0 10.166048777613769
3 38 117.0 151.8973944498345
3 39 63.0 68.8911243735429
3 40 81.0 89.03691834248896
3 41 78.0 99.68365456399816
3 42 140.0 149.38978487819844
3 43 111.0 130.40936757608856
3 44 97.0 137.60543434772316
3 45 144.0 149.11872586529188
3 46 69.0 95.9766275054821
3 47 81.0 95.66151065920674
3 48 70.0 92.79812305479246
3 49 148.0 169.86325033664917
3 50 168.0 243.72786395258214
3 51 52.0 68.4470134592236
3 52 135.0 191.13524642217234
3 54 170.0 193.91602201179774
3 55 34.0 44.33690868471802
3 56 169.0 237.68883642393772
3 57 147.0 175.54815330911808
3 58 86.0 113.91214870946645
4 5 71.0 85.52497260781124
4 6 70.0 103.55724665651634
4 8 141.0 209.55936709495825
4 9 96.0 107.39885046867866
4 10 31.0 40.91622854435803
4 11 27.0 27.700946168704352
4 12 32.0 33.26010897924668
4 13 57.0 79.90264901923217
4 14 89.0 102.13264607948732
4 15 31.0 34.8479473313277
4 16 58.0 81.50279645474794
4 19 11.0 13.871992011758508
4 20 94.0 126.77876575360793
4 21 81.0 97.81145924567558
4 22 68.0 90.21658436978404
4 23 60.0 76.68373787980497
4 24 123.0 140.80656711631002
4 26 164.0 192.5554046119965
4 27 41.0 48.525116042457604
4 28 63.0 75.57384792709622
4 30 68.0 81.63310683559764
4 31 47.0 51.594400212525564
4 32 6.0 8.592961505640908
4 33 53.0 69.9007380872504
4 35 49.0 60.07292771320954
4 36 98.0 140.0980748841374
4 37 127.0 159.75331197143274
4 38 56.0 68.35332721881534
4 39 66.0 98.81531937283982
4 40 67.0 98.39094697965581
4 41 74.0 95.09707574520871
4 42 57.0 80.93015392967745
4 43 9.0 13.480833767506752
4 44 33.0 47.71500986512754
4 45 57.0 71.29231679803773
4 46 73.0 98.02961589768181
4 47 51.0 67.30097918234428
4 48 63.0 93.9552681916569
4 49 65.0 95.58273588614648
4 50 73.0 108.34220419818689
4 51 167.0 244.0037719587157
4 52 16.0 22.667298240783406
4 54 52.0 70.8372547077905
4 55 91.0 127.32358620729131
4 56 50.0 56.846584683887016
4 57 45.0 60.981535106967335
4 58 40.0 48.42122851915349
5 6 128.0 182.62323639006755
5 7 48.0 60.9746673743705
5 8 104.0 145.2468072246455
5 10 102.0 109.12331965892774
5 11 79.0 79.08554413214578
5 12 97.0 112.68508091915473
5 13 57.0 60.98858492933632
5 14 160.0 227.99446123076882
5 15 43.0 46.18235260110285
5 17 163.0 200.21972557541466
5 18 107.0 146.01324769259352
5 19 61.0 74.4724959156146
5 20 164.0 176.29921740961643
5 21 24.0 33.66079568589136
5 24 69.0 73.21810932827012
5 25 151.0 160.51647582614044
5 26 119.0 176.3341834571311
5 27 111.0 116.64609532167385
5 28 134.0 189.10410959208443
5 29 92.0 121.82556865684653
5 30 31.0 43.671897389803405
5 31 113.0 152.12938611993027
5 32 73.0 94.73431545050992
5 33 108.0 138.9002691665301
5 34 117.0 125.0069261149374
5 35 27.0 30.258718610608057
5 36 86.0 105.91973588086674
5 37 77.0 84.33039141889073
5 38 103.0 137.35727438181794
5 39 15.0 16.987850552341502
5 40 8.0 8.817681534151799
5 42 118.0 122.21748572671292
5 44 71.0 72.11322195780266
5 45 119.0 170.1580189918147
5 46 4.0 5.756551282762617
5 48 11.0 15.683222116305965
5 49 126.0 151.59777982237964
5 50 140.0 143.60050761944453
5 51 126.0 175.72753751572714
5 52 82.0 106.7634443609301
5 53 44.0 58.60049603726843
5 54 111.0 147.5589686404136
5 55 39.0 56.19982729064027
5 56 120.0 173.90964247213245
5 57 80.0 117.40402653169974
5 58 31.0 42.321913689216295
6 7 98.0 106.84286609115429
6 8 212.0 239.0396347356893
6 9 167.0 242.526945567165
6 10 50.0 70.09774249917172
6 11 50.0 64.08674176325546
6 12 38.0 44.27756161292915
6 13 128.0 188.00387515381806
6 14 61.0 70.28698442044768
6 15 86.0 118.55846665280988
6 16 112.0 165.67873384293904
6 17 109.0 118.37423107768568
6 18 109.0 120.75498146069462
6 19 74.0 99.03890345175826
6 20 92.0 106.5168410223754
6 21 146.0 192.31319608891812
6 23 95.0 134.45230611460144
6 24 190.0 219.90849758203802
6 26 234.0 333.4090346240483
6 28 53.0 58.3773480337483
6 29 83.0 110.11858720239766
6 30 109.0 126.32434818692055
6 31 81.0 115.3529676040075
6 34 110.0 127.97246741656843
6 35 101.0 139.76504727750392
6 36 169.0 212.55754954404543
6 37 195.0 272.1497958366499
6 38 111.0 114.04240793291163
6 39 130.0 165.8298564050487
6 40 122.0 159.94582745104367
6 41 128.0 155.33339755415662
6 42 96.0 99.46554244833712
6 43 79.0 108.67981672155675
6 44 102.0 123.1291184712132
6 45 93.0 93.77357697729758
6 46 132.0 166.13963668596406
6 47 112.0 153.5112836530506
6 48 125.0 173.87662381509668
6 49 99.0 113.96635628942037
6 50 89.0 124.31163993811748
6 51 238.0 304.48705288953647
6 52 54.0 56.71039253575912
6 53 106.0 117.79285351746282
6 54 18.0 24.675816076538155
6 55 158.0 166.6363082423427
6 56 38.0 51.24623339863774
6 57 51.0 59.48040926309353
6 58 104.0 130.55782571786577
7 8 114.0 157.65049299948151
7 10 59.0 65.4846060397548
7 12 61.0 67.40261869604036
7 13 32.0 45.0540480500237
7 14 116.0 164.0987287884569
7 16 40.0 47.11084812484228
7 17 115.0 166.14106911145578
7 18 61.0 90.59729221594768
7 19 24.0 26.527232751821973
7 20 117.0 146.50560525235664
7 21 53.0 56.701898665047324
7 22 49.0 59.160833321309504
7 23 74.0 102.76000067432075
7 24 94.0 117.7315499520179
7 25 103.0 130.50433721165103
7 26 135.0 141.6811451327553
7 27 70.0 87.83219754278032
7 28 90.0 95.62284279664695
7 29 44.0 61.53980685736499
7 30 57.0 58.23755795530077
7 31 65.0 78.42055061656144
7 32 27.0 27.578658858653306
7 33 60.0 60.738534236957435
7 34 70.0 102.84952850150563
7 35 35.0 49.47561047591763
7 36 74.0 82.99553536048258
7 37 98.0 123.92772521586016
7 39 39.0 49.33918048427371
7 40 47.0 50.759903840374044
7 41 53.0 65.55540776652376
7 42 70.0 81.25229912967163
7 43 20.0 20.972368457138927
7 44 25.0 36.80730481566422
7 46 49.0 51.514526569893846
7 47 28.0 31.76233980705583
7 48 38.0 40.303048999701204
7 49 78.0 81.04054563276094
7 50 92.0 132.05241828557803
7 51 139.0 152.69008124977157
7 52 44.0 52.440328007982636
7 54 80.0 113.10711309477156
7 55 62.0 72.67639705897321
7 56 78.0 94.49532839792762
7 57 62.0 68.10122915743358
7 58 17.0 22.396289795322676
8 9 45.0 57.47128482753296
8 11 164.0 217.34439348786617
8 12 174.0 205.7855865502474
8 13 85.0 102.83633995643696
8 14 219.0 263.26663101292826
8 15 132.0 159.22012094745736
8 16 118.0 127.26411435214743
8 17 193.0 259.56099237725357
8 18 132.0 157.00407274149964
8 19 138.0 189.2721689345647
8 20 206.0 304.66850477923236
8 21 79.0 103.67228409633903
8 22 114.0 170.34711943655773
8 23 157.0 170.37158329550965
8 24 41.0 45.638311822227706
8 25 176.0 257.46802998205993
8 26 25.0 36.57151810819646
8 27 179.0 193.00304212385717
8 28 194.0 262.0960955419174
8 29 141.0 160.96513557927395
8 30 135.0 162.5287407546162
8 31 157.0 215.031332589939
8 32 138.0 149.67245240209914
8 33 138.0 192.5465353338274
8 34 140.0 155.62008467769607
8 35 124.0 139.32220708959153
8 37 31.0 42.503757536007306
8 38 126.0 181.54799654953013
8 40 111.0 126.76464018282168
8 41 109.0 110.23872697264952
8 42 151.0 208.68529262707028
8 43 133.0 171.29902620775272
8 44 114.0 126.2945077394785
8 45 155.0 156.8498774964326
8 46 99.0 102.75246766577209
8 47 109.0 113.58823369167456
8 48 99.0 138.67862061965366
8 49 157.0 197.30449591746077
8 50 179.0 218.9759257601261
8 51 26.0 34.93696470887389
8 52 157.0 160.7396588126502
8 53 105.0 106.03779627568791
8 54 194.0 276.24891723545164
8 55 64.0 67.70339384826994
8 56 188.0 216.41363168353573
9 10 123.0 167.7580442318837
9 11 120.0 133.43262082809034
9 13 39.0 54.6028260596863
9 14 174.0 195.09284376553506
9 15 90.0 117.84427786658655
9 17 152.0 227.50305394293855
9 18 90.0 98.81875338534456
9 19 94.0 134.6908664577757
9 20 163.0 179.7717219227911
9 21 50.0 61.107938329166146
9 22 81.0 112.71990935356745
9 23 114.0 129.29925956408437
9 24 44.0 50.52868429603543
9 25 136.0 155.35841587429218
9 26 69.0 99.85791526847451
9 27 133.0 176.04377277152486
9 28 149.0 205.1574485923127
9 29 96.0 114.25060600551635
9 30 101.0 141.02447140982264
9 31 113.0 116.65656960020313
9 32 93.0 93.34522417551553
9 33 95.0 120.7892952296744
9 34 99.0 146.30674703828006
9 35 86.0 101.69990056952841
9 36 18.0 19.800475376663925
9 37 41.0 45.75230090501451
9 38 84.0 106.21059610196663
9 39 57.0 79.0510958815988
9 40 78.0 107.3397627858077
9 41 78.0 87.08759509523338
9 42 108.0 135.98042026898725
9 43 88.0 114.24554438873005
9 45 112.0 165.17961072997113
9 46 68.0 70.55173980890696
9 47 70.0 81.22640084720084
9 48 63.0 74.30862177856368
9 49 115.0 146.61332888674445
9 50 136.0 169.74478730648607
9 51 71.0 97.78500105856003
9 52 112.0 137.91599813083107
9 53 61.0 69.30221532393496
9 54 149.0 164.68417080365933
9 55 38.0 50.91237636849461
9 57 131.0 159.4824402060231
9 58 71.0 94.2640304486081
10 12 18.0 18.36887988329413
10 13 83.0 106.88416074255366
10 14 58.0 66.36515117514146
10 16 88.0 105.99402712977033
10 17 76.0 86.06402931026923
10 18 59.0 79.95879812302603
10 19 40.0 58.59960334666247
10 20 68.0 71.14001756764915
10 21 112.0 116.75772826986875
10 22 98.0 101.14435075470512
10 23 48.0 69.42928816145061
10 25 71.0 96.96433761028514
10 26 191.0 260.0247121707802
10 27 11.0 11.225719046682071
10 29 32.0 34.095784208600186
10 30 95.0 97.08863902873432
10 31 33.0 40.10396296769334
10 33 51.0 68.44673310970536
10 34 60.0 75.6023418322334
10 35 78.0 86.53768611385007
10 37 156.0 183.28687749357834
10 38 60.0 61.49815559485188
10 39 97.0 137.17322357128262
10 40 97.0 122.85367824993672
10 41 104.0 139.04329125980362
10 42 48.0 70.76152090315276
10 43 39.0 56.873082411679974
10 45 45.0 45.34228946549762
10 46 104.0 131.834342938465
10 47 82.0 114.97000528136246
10 48 94.0 103.42048007935432
10 50 51.0 72.56752702867011
10 53 66.0 75.68887346838892
10 54 36.0 37.569922321675044
10 55 122.0 180.6903999354017
10 56 20.0 27.75808822544649
10 57 52.0 65.35262774337605
10 58 71.0 77.98508635661997
11 12 21.0 29.211750852750598
11 13 82.0 119.61862634154681
11 14 87.0 104.34826361619997
11 15 36.0 40.88678402490849
11 16 63.0 69.37331590542571
11 17 111.0 127.53288168937924
11 18 82.0 93.22619763049107
11 19 25.0 32.18312844312282
11 20 102.0 148.345240529224
11 21 96.0 142.30201096898332
11 22 73.0 84.02865614903773
11 23 80.0 88.9104371806817
11 24 140.0 190.74827483059312
11 26 185.0 263.2563621757224
11 27 40.0 55.60879736312388
11 28 64.0 95.746457680144
11 29 53.0 56.74719954230624
11 30 64.0 82.98423481858444
11 31 65.0 67.13183642821012
11 32 33.0 38.33775823892833
11 33 77.0 101.15228261554157
11 34 87.0 113.60773973225562
11 35 52.0 60.173264930242446
11 36 124.0 163.56194181722077
11 37 146.0 205.1973546535276
11 39 80.0 92.91851570102169
11 40 73.0 91.52510903926779
11 41 80.0 118.97043350304065
11 43 33.0 43.571581245614354
11 44 61.0 88.69351194727685
11 45 77.0 102.91450478132165
11 46 83.0 94.88589857698337
11 47 62.0 71.61670164304361
11 48 75.0 102.68328203792582
11 49 85.0 127.45544619612383
11 50 86.0 98.56184469344326
11 51 190.0 246.97555698884403
11 52 16.0 23.511334831099322
11 53 58.0 81.5361413748792
11 54 32.0 40.46638783137474
11 55 108.0 126.76590726202515
11 56 45.0 51.68433344212044
11 57 19.0 27.732023615301465
11 58 54.0 59.591591476322066
12 13 90.0 129.9651826284367
12 14 65.0 91.59109912948603
12 15 54.0 75.71621343771957
12 16 82.0 105.38228266392123
12 17 93.0 105.43163453010516
12 18 75.0 107.57821041143177
12 19 38.0 45.920549136983055
12 21 111.0 164.21737316005158
12 23 66.0 74.22975091421722
12 24 155.0 200.84977241962685
12 25 89.0 116.87218428474472
12 26 196.0 289.3064713255489
12 27 19.0 28.029625260171244
12 28 43.0 43.8794752414233
12 29 47.0 67.772164539579
12 30 85.0 127.19414198604989
12 31 51.0 51.25893603278557
12 32 36.0 43.89154845258156
12 33 68.0 82.03263897101235
12 34 78.0 107.70837253829237
12 35 72.0 77.60179406966006
12 36 130.0 162.71650671707928
12 39 96.0 130.01096960470366
12 40 92.0 127.34147892189094
12 42 66.0 93.29717059690805
12 43 41.0 60.695896825986566
12 44 64.0 87.15966344767735
12 45 64.0 92.55022093188036
12 46 100.0 132.27267148244138
12 47 79.0 109.30383340731944
12 48 91.0 108.41738048285598
12 49 71.0 90.45293083295074
12 50 69.0 69.57446311520835
12 51 200.0 296.8212870700338
12 53 69.0 74.40083751032552
12 54 20.0 29.258459401957808
12 56 24.0 32.82299516618706
12 57 36.0 43.632512598646315
13 14 136.0 138.7931888838437
13 15 57.0 76.81728625647376
13 16 59.0 88.28519147675087
13 17 120.0 121.3305212665507
13 18 59.0 66.26380182659058
13 19 56.0 67.5489483000307
13 20 128.0 181.06426366737873
13 21 48.0 51.04363367855368
13 22 64.0 88.74529796463256
13 23 80.0 116.4872958895086
13 24 73.0 77.40157692398535
13 25 106.0 134.9212904961473
13 26 108.0 150.13263468708996
13 27 94.0 107.20806502585933
13 28 110.0 136.3466021247258
13 29 57.0 84.47427663547973
13 30 79.0 80.40334549537342
13 32 53.0 65.24498084779356
13 33 62.0 81.92334556553453
13 35 59.0 82.6350346884276
13 36 42.0 57.93534128448462
13 37 74.0 106.44360319201502
13 39 42.0 53.94211436701868
13 40 61.0 75.64051183829315
13 41 64.0 94.00042946505744
13 42 75.0 89.24984778076694
13 43 49.0 62.267393919465086
13 44 30.0 35.226744574949755
13 45 78.0 110.0528824739376
13 46 56.0 69.00835844689219
13 47 45.0 48.89793834493501
13 48 46.0 47.26895322714389
13 49 83.0 115.42028737128368
13 50 102.0 120.30269640901035
13 51 111.0 136.48722648894073
13 52 73.0 90.92576468073236
13 53 25.0 34.234748145614084
13 55 48.0 52.02541788156993
13 56 103.0 140.07494217495397
13 57 95.0 95.86618199002443
13 58 40.0 40.272171116260004
14 16 146.0 155.02236878738364
14 17 58.0 83.35189237863759
14 18 91.0 115.31505594645614
14 19 98.0 137.318853652569
14 20 35.0 38.132112594871
14 21 170.0 175.50199261712666
14 23 67.0 88.84856601279553
14 24 208.0 257.6541068831609
14 25 66.0 82.95098618770967
14 26 243.0 274.19375858763505
14 27 48.0 59.35881513166651
14 28 26.0 35.303642502906754
14 29 78.0 80.75457846379496
14 30 151.0 161.72812913279418
14 31 62.0 68.24740412568683
14 32 88.0 107.85863538686978
14 33 83.0 107.49942146151925
14 34 86.0 87.63667763822608
14 35 136.0 184.05930226219448
14 36 169.0 223.56729144253248
14 37 210.0 229.75185949498047
14 38 95.0 107.44753951566861
14 39 155.0 220.9665976192976
14 40 155.0 170.3301046251419
14 42 71.0 99.36211876016627
14 43 97.0 137.19587290831143
14 44 105.0 137.14829413352243
14 45 67.0 78.57092471267896
14 46 162.0 218.95813657586135
14 47 140.0 160.34195148217037
14 48 152.0 155.07836401337326
14 49 69.0 75.98979624910132
14 50 48.0 66.5217715265677
14 51 245.0 316.5792607075339
14 52 78.0 90.36405115126931
14 53 123.0 166.91597343817543
14 54 64.0 66.72003677701571
14 55 178.0 247.85827007759966
14 56 41.0 41.071733666944766
14 57 99.0 147.70162403083228
14 58 129.0 131.10487092310714
15 16 28.0 28.232318458586963
15 17 128.0 183.47976658560418
15 19 19.0 26.37170353000443
15 20 126.0 150.67274240656292
15 21 60.0 64.4137956735726
15 22 38.0 44.68322064894055
15 23 90.0 128.02652357190067
15 24 105.0 132.91313430078196
15 25 118.0 148.84976888702323
15 26 151.0 163.0558496775337
15 27 69.0 87.42784134297106
15 28 92.0 103.76890178886714
15 29 59.0 88.41288461301635
15 30 37.0 51.35577937066634
15 31 77.0 92.85089109776699
15 32 35.0 37.32593815234245
15 33 80.0 110.73673202426937
15 34 90.0 102.55756142196486
15 35 18.0 22.937995061393988
15 37 111.0 120.16676448164273
15 38 80.0 86.07292512696999
15 39 44.0 45.39686265077893
15 40 38.0 56.68923427586938
15 41 45.0 49.10162408805831
15 42 86.0 115.38949134977614
15 43 26.0 35.19809323232588
15 44 49.0 69.5495616948793
15 45 87.0 105.48207149531792
15 46 47.0 53.46968841633674
15 47 26.0 27.1268785050707
15 48 39.0 58.40040545155641
15 49 95.0 112.51125293135858
15 50 104.0 121.43420697650716
15 51 157.0 170.73011159702492
15 52 38.0 41.629331695431524
15 54 68.0 94.8727991532269
15 55 73.0 103.22440329829327
15 56 76.0 108.6070545357609
15 57 41.0 58.15609653117072
15 58 19.0 24.899352593050295
16 18 102.0 119.07752704136723
16 19 47.0 69.1696112397251
16 20 153.0 205.08633645450828
16 21 39.0 44.09183682762759
16 22 10.0 10.73647221062626
16 23 114.0 162.72334469220152
16 25 142.0 173.7015977590275
16 26 134.0 150.29375834346504
16 27 97.0 99.97582563536342
16 28 120.0 151.22166741360363
16 29 83.0 95.0877627337002
16 30 20.0 28.40704193241841
16 31 103.0 142.3211651158864
16 32 61.0 64.53368590661465
16 33 101.0 126.20753097394964
16 34 111.0 142.07545965640992
16 35 10.0 13.50324273992899
16 36 94.0 98.05778292944738
16 37 93.0 106.49552589320142
16 38 98.0 101.45705691484362
16 39 25.0 36.84659123936844
16 40 10.0 13.899448070889541
16 42 110.0 159.8177757489578
16 43 51.0 53.70499456170552
16 44 66.0 78.53667118839329
16 45 111.0 154.99522583684097
16 46 21.0 24.006581062216394
16 47 14.0 20.152749248820577
16 48 19.0 23.819077325257282
16 49 118.0 164.5172593347805
16 50 130.0 192.19611592414944
16 51 141.0 188.4068206421585
16 54 95.0 99.24311264566771
16 55 54.0 76.67210402095341
16 57 63.0 70.98099893162947
16 58 23.0 28.947649062546088
17 18 62.0 92.10345738419497
17 19 109.0 118.21116656190149
17 20 23.0 30.350855719691562
17 21 165.0 188.25263482522257
17 23 41.0 42.37601683772637
17 24 193.0 217.28520543773715
17 25 16.0 16.64775805181202
17 26 218.0 300.7246488502245
17 27 74.0 90.76281873855753
17 28 56.0 73.24982294814643
17 29 71.0 77.29679386604805
17 30 166.0 227.14546995779676
17 31 51.0 62.94752230635871
17 32 93.0 101.72517560281214
17 33 58.0 66.00827027281855
17 34 53.0 61.17722838239405
17 35 146.0 174.37292422361472
17 36 141.0 203.51830257483005
17 37 192.0 247.018171097226
17 38 67.0 83.54142996341152
17 39 154.0 211.899250184556
17 41 168.0 224.83385576828394
17 42 46.0 54.867193371728284
17 43 103.0 138.95209613639338
17 44 94.0 122.83990535770214
17 45 43.0 59.379759442528766
17 46 164.0 199.26722963460853
17 47 144.0 215.58279285860013
17 48 153.0 206.26039330445127
17 50 24.0 30.30332966225812
17 51 217.0 308.00164952591774
17 52 96.0 101.72604275297043
17 53 119.0 128.0359828838487
17 54 104.0 155.24930878594162
17 55 168.0 196.9950367305241
17 56 74.0 87.57533572933224
17 57 129.0 170.01632119690942
17 58 132.0 197.6067408969647
18 19 67.0 87.84567166437243
18 20 73.0 98.0791262760431
18 21 105.0 140.7851292060309
18 23 25.0 34.94718517830131
18 24 131.0 193.31463065895355
18 25 47.0 48.393790013380936
18 26 157.0 220.13612837254433
18 27 66.0 87.83799366664354
18 28 69.0 82.31169960043782
18 29 29.0 33.06050409525942
18 31 30.0 37.23083704741432
18 34 9.0 9.91918570877357
18 35 96.0 103.36397512707217
18 36 80.0 99.64275015444265
18 37 130.0 148.63064596273728
18 38 5.0 5.247598975504308
18 39 96.0 99.75385956568311
18 40 108.0 110.67225670669563
18 41 113.0 142.26261361166664
18 42 20.0 29.74271155292252
18 43 58.0 86.07287269389552
18 46 108.0 130.36302474561967
18 47 89.0 99.30264835120691
18 48 96.0 99.74866884053631
18 49 25.0 25.36604558288532
18 50 47.0 58.96813454860817
18 51 157.0 185.21861341576337
18 52 67.0 86.68533062331535
18 53 63.0 77.73574449792727
18 54 95.0 121.5072340335765
18 55 107.0 107.72438988725268
18 56 73.0 81.74037903448531
18 57 101.0 114.1925056659173
18 58 79.0 86.71766368770096
19 20 106.0 157.5213836235231
19 21 73.0 90.18056603542958
19 22 58.0 68.32275880795274
19 23 71.0 105.64576615794444
19 24 117.0 124.16134021201461
19 26 160.0 183.82274349277793
19 27 50.0 55.78200019172499
19 29 41.0 48.95636547201874
19 31 58.0 78.96742234347508
19 32 16.0 23.860588555230862
19 33 63.0 93.81423786676295
19 34 74.0 103.97022918018676
19 35 38.0 45.01493022279693
19 37 121.0 128.25744113000692
19 38 65.0 82.02569377913416
19 39 58.0 71.49441625733098
19 40 57.0 72.21070204089958
19 41 63.0 85.68144694707198
19 42 68.0 95.14741118057248
19 43 9.0 11.34166552850733
19 44 38.0 40.607347142131424
19 45 68.0 92.46307674861896
19 46 64.0 70.06246561317329
19 47 41.0 52.047653472687806
19 48 54.0 59.56247658798931
19 49 76.0 104.8954634244321
19 50 84.0 102.32098715900699
19 51 164.0 245.50505458358893
19 52 21.0 24.225090306498483
19 53 32.0 36.97830875430047
19 54 55.0 55.78102966927125
19 55 85.0 106.52334066612495
19 56 58.0 61.447900341192685
19 57 39.0 44.525616999222706
19 58 31.0 36.83824347080497
20 21 169.0 231.65275606487612
20 23 49.0 50.814958690842204
20 24 202.0 219.0985236699055
20 25 35.0 44.02379342875068
20 26 231.0 308.9750413937498
20 27 63.0 70.30748156010945
20 28 41.0 42.97936247896756
20 29 73.0 77.15698150904996
20 30 162.0 236.43040996242786
20 31 52.0 76.21017758166803
20 32 91.0 100.84193112137623
20 33 67.0 69.2891385427895
20 34 66.0 89.16950692470402
20 35 144.0 201.0261664127298
20 36 154.0 213.0987221089699
20 37 202.0 216.96437033299534
20 38 79.0 101.57039063034568
20 39 157.0 223.11002185682457
20 40 162.0 174.47455264488954
20 41 168.0 235.81543033765647
20 42 54.0 62.22854859246577
20 43 101.0 119.91701899185793
20 44 99.0 115.73723846171232
20 45 50.0 60.39281982663069
20 48 155.0 164.8971117424752
20 49 48.0 71.64066830327509
20 50 26.0 35.153971376418326
20 51 231.0 285.77897583402444
20 52 90.0 114.73153015056026
20 53 122.0 130.24490565950634
20 54 89.0 129.2136983288065
20 55 175.0 205.81902075680264
20 56 60.0 75.9102691736008
20 57 119.0 149.85747299629784
20 58 133.0 136.35211237915476
21 22 34.0 37.66368714782308
21 24 46.0 58.04648492510225
21 25 151.0 223.09431602794703
21 26 95.0 98.05161617060872
21 27 123.0 174.20345892459133
21 28 143.0 166.17874198286725
21 29 96.0 133.15514443385752
21 30 55.0 68.7715306893851
21 31 117.0 168.85229304531163
21 32 81.0 88.004866135824
21 33 107.0 160.37563589002917
21 34 115.0 164.0713727673954
21 35 47.0 50.053864736697136
21 36 66.0 89.15741222101268
21 37 54.0 55.57512585502781
21 38 100.0 127.97072095138877
21 39 16.0 22.521305590291366
21 40 32.0 38.124086201156935
21 41 29.0 35.73816687725404
21 42 119.0 172.37326733915407
21 43 72.0 96.4623695958535
21 44 71.0 72.07162013325576
21 45 121.0 171.389892938813
21 46 19.0 21.54161551294254
21 47 34.0 39.465578344899484
21 48 21.0 30.215170179738557
21 50 144.0 169.40798261261125
21 51 102.0 121.79001055893309
21 52 95.0 127.49936746082236
21 53 47.0 54.14571312682215
21 54 128.0 176.978201179069
21 55 15.0 18.71015461825817
21 57 100.0 149.50127727857958
21 58 42.0 60.34835413080983
22 23 123.0 136.37364422898264
22 25 151.0 217.32153957875266
22 26 129.0 134.66672188153743
22 27 108.0 146.88337869391958
22 28 131.0 143.12983660390285
22 29 92.0 98.81098359196248
22 30 21.0 24.788402632769746
22 31 112.0 157.97754855440715
22 32 71.0 102.68942123071469
22 33 110.0 158.9542439534327
22 35 20.0 25.283061492758847
22 36 95.0 132.40867663008729
22 37 88.0 121.76476726986458
22 38 106.0 122.72319786643233
22 39 24.0 34.38050967929123
22 40 3.0 4.204834422233899
22 41 7.0 9.840940004560364
22 42 119.0 157.35440927713853
22 43 61.0 88.02711720910231
22 44 73.0 105.15780711885127
22 45 120.0 158.67489773231233
22 46 15.0 16.60205418219182
22 47 20.0 27.41278138818415
22 48 18.0 21.30274092357373
22 49 127.0 159.3784057817871
22 50 140.0 207.32940871915682
22 51 136.0 161.76678679163945
22 52 77.0 77.42980096970274
22 53 47.0 62.70424175492919
22 54 105.0 120.00843156419567
22 55 50.0 70.33870045662447
22 56 115.0 137.15353814025767
22 57 72.0 88.46712684539546
22 58 31.0 43.871618539452236
23 24 153.0 224.08783881800377
23 25 28.0 34.95216022234594
23 26 181.0 197.64751399729784
23 27 52.0 53.90015862678328
23 28 48.0 48.54659669189466
23 29 31.0 41.449765064013484
23 30 127.0 165.25989820257962
23 31 15.0 19.57336019824194
23 32 55.0 66.65875459782235
23 33 18.0 22.099661985583353
23 34 18.0 26.720836407190824
23 35 106.0 136.59279606127933
23 36 105.0 106.43364153313301
23 37 153.0 179.36831595076742
23 38 30.0 42.73922590435982
23 39 113.0 163.40166136697712
23 40 121.0 170.78607152462328
23 41 127.0 159.30099581888283
23 42 5.0 7.459308230045321
23 43 64.0 65.09446795620252
23 45 3.0 4.3623396640797605
23 46 123.0 127.1485015526577
23 47 103.0 111.8312366580366
23 48 112.0 114.6727221929718
23 49 5.0 5.406836632639744
23 50 22.0 25.51101520789086
23 51 182.0 208.90442674816302
23 53 78.0 85.68550982430489
23 54 83.0 94.49539947665802
23 55 128.0 153.58388531391427
23 56 56.0 74.54464468048313
23 57 99.0 148.33605536747822
23 58 92.0 113.18567158951511
24 25 178.0 208.8830229061079
24 26 50.0 57.47976085168407
24 28 182.0 219.23312697394738
24 29 131.0 131.37557346518992
24 30 100.0 126.94756324302503
24 31 150.0 163.14149761503333
24 32 121.0 165.40204918750047
24 33 135.0 196.97797877325593
24 34 140.0 150.7173164116492
24 35 93.0 124.95695112197654
24 36 61.0 72.83624570211991
24 37 10.0 10.014987579586814
24 38 125.0 168.62656895647203
24 40 77.0 94.63917359845725
24 41 73.0 101.83380318369204
24 42 148.0 193.98974677382836
24 43 114.0 168.04190016962218
24 44 103.0 139.4352432659122
24 46 64.0 75.38115599725651
24 47 80.0 99.94042924476756
24 48 68.0 80.45907829437725
24 49 156.0 164.43089788328038
24 50 175.0 175.8730507569779
24 51 58.0 64.86205711620606
24 52 138.0 191.32258803318652
24 53 86.0 127.7204985138071
24 54 172.0 239.8218988834352
24 55 32.0 37.404742660378275
24 56 172.0 203.46058538107158
24 57 146.0 151.25307317885787
24 58 86.0 111.229455734519
25 26 201.0 216.6185952623086
25 27 71.0 76.69195822336448
25 28 58.0 61.66673701180093
25 29 59.0 75.47196796652013
25 30 156.0 184.78186344432248
25 31 41.0 43.69266806511389
25 32 83.0 120.65781523068625
25 33 43.0 56.65456818823004
25 34 37.0 52.19845082707684
25 35 135.0 175.20105767760992
25 36 125.0 170.36913951300718
25 37 177.0 202.252348392838
25 38 52.0 58.59832391681777
25 39 140.0 143.17166004151673
25 41 156.0 173.4858185972202
25 42 32.0 36.019557231930634
25 43 92.0 109.92453292783199
25 44 80.0 99.79763677451757
25 45 31.0 40.64360587539684
25 46 151.0 213.07733710464043
25 47 131.0 164.933180556032
25 48 140.0 194.7908084516055
25 49 24.0 35.81298733541206
25 50 21.0 22.27304381809945
25 51 201.0 246.82016954963294
25 52 89.0 103.56921608539304
25 53 106.0 117.52200132244806
25 54 102.0 130.31212995040164
25 55 154.0 218.81864180644197
25 56 73.0 81.39866335159824
25 57 123.0 164.34096213200752
25 58 120.0 124.14655408367823
26 27 202.0 227.23974720238587
26 28 218.0 308.30970867626417
26 30 150.0 154.4563492156677
26 31 181.0 271.4626866123702
26 33 163.0 167.95182980445352
26 34 165.0 208.41001401603108
26 35 142.0 148.81993281941487
26 36 76.0 87.69550406070302
26 37 41.0 42.94751275263368
26 38 151.0 223.85819748853305
26 39 110.0 149.5743011676023
26 40 127.0 178.60010372614948
26 41 123.0 161.69387823031312
26 42 176.0 241.29685132311928
26 43 155.0 155.84109898988825
26 44 138.0 138.26468525505945
26 46 114.0 153.55672969969325
26 47 127.0 156.15283777620158
26 48 116.0 173.17345189961154
26 49 182.0 268.30244013030136
26 50 204.0 301.82520699000224
26 52 179.0 251.7816288702399
26 53 127.0 165.48030036529116
26 55 80.0 86.49173475389114
26 57 193.0 249.23236861290187
26 58 132.0 132.1645104896138
27 28 24.0 34.04935308847908
27 29 41.0 53.414070639951376
27 30 103.0 111.43682532254437
27 31 38.0 56.000009688730785
27 32 42.0 59.801477616762284
27 33 58.0 85.07031348431086
27 34 67.0 75.66729214824421
27 35 87.0 121.32728528544266
27 36 132.0 145.51013721166225
27 37 167.0 236.77701593544998
27 38 68.0 95.81456116867147
27 40 107.0 117.04853461464356
27 41 114.0 147.62153058248316
27 42 53.0 71.82448512577923
27 43 50.0 52.73986572067073
27 44 65.0 89.22392719361241
27 46 114.0 156.53147877224282
27 47 92.0 129.4716533973886
27 48 104.0 105.16259657291056
27 49 56.0 74.07079299064304
27 50 51.0 70.67091063355232
27 51 205.0 289.1849371765861
27 52 30.0 37.52961113700831
27 53 77.0 108.89739530048719
27 54 31.0 42.13042152958453
27 55 132.0 150.68169302149752
27 56 9.0 10.037747407072256
27 57 56.0 70.16077470625073
27 58 81.0 111.00463743709204
28 29 53.0 61.96565223636089
28 30 127.0 167.02244197051758
28 31 39.0 49.676961172969925
28 32 62.0 68.9548886053215
28 33 61.0 85.25453882714494
28 34 66.0 75.89094398886103
28 35 111.0 146.3776593510444
28 36 144.0 181.428048099649
28 37 184.0 209.07682987857083
28 38 73.0 87.77908253021052
28 39 129.0 152.94645981793647
28 40 130.0 193.04922999223004
28 41 137.0 149.5139415396503
28 43 71.0 98.8745749520685
28 44 80.0 88.19754229885275
28 45 47.0 53.31753035857799
28 46 136.0 156.44934479082292
28 48 126.0 130.77147479375446
28 49 51.0 56.10776045261709
28 50 37.0 55.25812022054998
28 51 220.0 257.66067413520466
28 53 97.0 139.82049490010843
28 55 152.0 218.2020400344854
28 56 19.0 21.689749289246773
28 57 79.0 93.39277305596453
28 58 103.0 121.18642167042071
29 30 96.0 111.3875579455009
29 31 20.0 20.082915185525053
29 32 24.0 27.981219478470987
29 34 34.0 39.822731477161554
29 35 75.0 109.65014390819984
29 36 92.0 137.31065241961502
29 37 132.0 163.88738669653395
29 38 29.0 34.749021312858
29 39 84.0 125.76748007287995
29 40 91.0 114.34887468726029
29 41 97.0 117.2464211125008
29 42 27.0 30.445029814354125
29 43 33.0 45.787412804785056
29 44 27.0 36.34980050422934
29 45 28.0 39.14249097311676
29 46 94.0 99.61497875486982
29 47 73.0 75.71485140867172
29 48 82.0 99.36733147185761
29 49 35.0 49.78697617178243
29 51 167.0 216.00462933596955
29 52 37.0 39.22710800807002
29 53 49.0 63.56314156115917
29 55 102.0 136.81574923323006
29 56 49.0 61.94016357285856
29 58 61.0 68.95177466456853
30 31 115.0 167.49930277043686
30 32 72.0 82.7694775337718
30 33 116.0 127.12307791931569
30 34 127.0 183.9216848644275
30 35 22.0 22.027385035447704
30 36 114.0 146.8869298221046
30 38 115.0 168.8057742367136
30 39 44.0 60.31061225907108
30 40 24.0 26.94022549003467
30 41 26.0 34.32065840347381
30 42 124.0 128.16446370495015
30 43 63.0 64.98776335513884
30 44 83.0 115.03826323046458
30 45 124.0 161.19102684704922
30 46 36.0 48.691627832080634
30 47 33.0 39.237934454150604
30 48 38.0 39.34337245761999
30 49 132.0 173.39835044780858
30 50 142.0 203.2047795782809
30 51 158.0 229.86918927331274
30 52 73.0 107.98732799839428
30 53 59.0 61.102588193509405
30 55 71.0 72.89646298938018
30 56 110.0 140.4062244708775
30 57 58.0 68.32238574033852
30 58 41.0 60.22626607541588
31 32 42.0 60.375527543165546
31 33 22.0 27.405181130131513
31 34 29.0 40.050758936552945
31 35 95.0 121.88720688924228
31 36 107.0 157.23140238103187
31 37 151.0 207.58963683497058
31 39 104.0 126.89315659748318
31 40 111.0 112.0871462560294
31 41 117.0 119.29661245137788
31 42 14.0 16.497256383548542
31 43 52.0 68.26807650827
31 44 47.0 68.2324722392214
31 46 114.0 166.4017408794179
31 47 93.0 122.9382887432112
31 48 103.0 124.75546446908936
31 49 20.0 26.681720032137235
31 52 49.0 62.656593786193426
31 53 70.0 103.968650185255
31 54 68.0 91.83610449744322
31 56 43.0 45.92712924323524
31 57 84.0 84.64896006874707
31 58 82.0 107.3309099210848
32 33 47.0 63.99020987894879
32 34 58.0 77.36425964001644
32 35 52.0 53.168406684702916
32 36 94.0 124.205955071699
32 37 125.0 186.85566122429137
32 38 50.0 74.64847569166113
32 39 67.0 97.19528821231168
32 40 70.0 94.0507669780327
32 41 76.0 76.36586186218678
32 42 51.0 59.896809017759026
32 43 9.0 11.22976132563706
32 44 28.0 29.059748467356105
32 45 52.0 76.42393155429521
32 46 75.0 112.33552485606434
32 47 53.0 76.19104580289499
32 48 64.0 95.98020291762032
32 49 60.0 79.61006665722704
32 50 69.0 86.85324622826644
32 51 164.0 208.42212763416606
32 52 20.0 28.625418246727143
32 53 35.0 45.52727821380221
32 54 56.0 71.94614024977272
32 55 90.0 96.0894064247499
32 56 51.0 65.96859706171773
32 57 51.0 56.92348804877427
32 58 41.0 43.4670808359536
33 34 11.0 12.269429479196127
33 35 94.0 101.75487677423666
33 36 87.0 106.47112975415705
33 37 135.0 137.61824613114837
33 38 12.0 17.3326312170887
33 39 97.0 138.2939848817135
33 40 107.0 157.9050857971012
33 41 113.0 155.4603818979989
33 42 13.0 17.7824425268923
33 43 54.0 67.36943736985313
33 44 37.0 41.809979080618994
33 45 17.0 21.621077299191573
33 46 108.0 124.67410159840244
33 47 89.0 101.68758632129547
33 48 97.0 110.81326917484303
33 49 20.0 22.333464000005282
33 50 41.0 45.78757280107515
33 51 163.0 176.78533320920104
33 52 61.0 87.96141583617839
33 53 63.0 79.1283141988968
33 54 87.0 102.96216010021112
33 55 110.0 153.1885525877139
33 57 96.0 118.97041786622057
33 58 78.0 112.63298199263083
34 35 105.0 109.67853671433592
34 36 89.0 109.61456239013967
34 39 106.0 145.51072202462655
34 40 117.0 143.24142834878438
34 41 123.0 149.53064738448933
34 42 15.0 18.628078937320872
34 43 65.0 76.84925312151812
34 44 46.0 61.016671885804385
34 45 19.0 21.131502499694314
34 46 117.0 156.08597753847997
34 47 99.0 131.52994845462084
34 48 106.0 106.21703422576726
34 49 18.0 19.15033243720489
34 50 40.0 52.54308928697963
34 51 165.0 239.1112182370999
34 52 71.0 86.60363384742386
34 53 72.0 88.70562389727601
34 54 96.0 122.81477762753771
34 55 117.0 146.40556084361108
34 56 72.0 99.99590352040721
34 57 106.0 134.02019434871684
34 58 88.0 108.36085517495617
35 36 97.0 99.15281164363307
35 37 101.0 107.66638849678431
35 38 93.0 116.26189504008585
35 39 32.0 40.13411411859007
35 40 20.0 29.943245522260938
35 41 27.0 39.12887994557027
35 42 102.0 114.04821209357122
35 43 43.0 52.17333255206931
35 44 60.0 61.80906010044443
35 45 103.0 112.708049881214
35 46 31.0 31.880378645509857
35 47 15.0 16.41179727154835
35 48 26.0 38.72172834021489
35 49 111.0 139.56262105133445
35 50 122.0 137.01646377016743
35 51 148.0 167.74540956028312
35 52 57.0 64.43430583660965
35 53 37.0 41.547886833484924
35 54 84.0 108.73638337809157
35 56 95.0 128.60266683908625
35 57 53.0 70.73883735798623
36 37 56.0 61.468424468554744
36 38 75.0 76.45597049345294
36 41 93.0 125.10434646756973
36 42 100.0 139.83194384600907
36 43 91.0 128.53887068796277
36 44 67.0 98.08282721772973
36 45 104.0 127.39650693589422
36 46 83.0 84.9987660815565
36 47 82.0 106.91142811862235
36 48 77.0 103.09159697985014
36 49 106.0 156.79512316794313
36 50 128.0 150.20328505941015
36 52 114.0 156.3319594703264
36 53 67.0 81.46161178810958
36 54 151.0 189.23725992663117
36 55 56.0 75.06549342417756
36 56 141.0 210.6994670960435
36 57 137.0 157.4679483994609
36 58 80.0 99.59479613800703
37 38 124.0 172.7303561955523
37 39 69.0 74.30239807841609
37 40 85.0 124.24679812148251
37 41 82.0 110.55525943351023
37 42 148.0 194.3353838205344
37 43 118.0 167.34595802521864
37 44 104.0 123.76987020216012
37 45 151.0 216.4910168065719
37 46 73.0 89.79384149214516
37 47 86.0 122.35690265433783
37 48 75.0 105.01470191565039
37 50 175.0 236.8001671214504
37 51 48.0 63.41927678869558
37 52 142.0 202.31692914233292
37 53 90.0 113.6441329453924
37 54 177.0 224.36681899575555
37 55 39.0 45.908673717476745
37 56 176.0 261.460117640412
37 57 152.0 152.66115469532352
38 39 91.0 91.22970086433709
38 40 104.0 120.09149511852704
38 41 109.0 127.49747924790707
38 42 25.0 32.514585765785085
38 43 56.0 67.84690080464846
38 44 32.0 37.686149291313676
38 45 29.0 43.263383389672626
38 46 103.0 140.1788878944925
38 47 86.0 93.64085089622192
38 48 92.0 98.11600851468417
38 49 31.0 40.99029508269876
38 50 52.0 71.87364973895964
38 51 152.0 206.93933316195222
38 52 67.0 86.25772456646759
38 53 59.0 59.474057098484295
38 54 96.0 111.59213789282445
38 55 102.0 128.04267657428466
38 56 76.0 86.08637021704618
38 57 101.0 131.14938365248764
38 58 75.0 112.46321507858421
39 40 21.0 24.161092969969207
39 41 22.0 29.727760311627776
39 42 108.0 131.4685050660323
39 44 60.0 72.00491504133721
39 45 110.0 162.25687247498803
39 48 6.0 8.988927895566484
39 49 116.0 135.3772612207169
39 50 132.0 171.72914529450586
39 51 116.0 123.57693827674579
39 52 79.0 101.58613435860931
39 53 34.0 36.276366155199504
39 54 112.0 150.61742211481223
39 55 30.0 34.06575554667444
39 56 116.0 132.14086388612688
39 57 84.0 96.08021064178739
40 42 117.0 174.46326588657848
40 43 60.0 77.21449918098794
40 44 71.0 72.55249359346719
40 45 118.0 142.2936724177911
40 46 12.0 15.485649481234887
40 47 18.0 23.221314967718637
40 48 15.0 16.329166739294898
40 49 125.0 167.41006304447092
40 50 138.0 202.34063731109177
40 51 134.0 161.1943384223146
40 52 77.0 97.76540300860326
40 53 45.0 47.501014591133206
40 54 105.0 142.4035858191329
40 55 47.0 53.842785653727994
40 56 115.0 126.35914913933317
40 57 73.0 80.48169497012962
40 58 29.0 39.411918526063275
41 42 123.0 174.30407451667665
41 44 76.0 111.34485524663569
41 45 124.0 135.70801979431891
41 46 10.0 12.634835085723488
41 47 24.0 34.94318617161936
41 49 131.0 195.60742229512422
41 50 145.0 198.6967992152388
41 52 84.0 96.75468345538347
41 53 50.0 55.62310064446936
41 54 111.0 120.2923947271914
41 55 45.0 57.01194179390399
41 56 122.0 139.91391138586783
41 57 79.0 111.82146628486112
41 58 35.0 42.41754318340762
42 43 60.0 67.78483034353697
42 44 48.0 59.046842403074606
42 45 4.0 5.008194718100797
42 46 119.0 157.17888110514517
42 47 99.0 124.2457587009499
42 48 107.0 130.40124466909015
42 49 8.0 10.975542535961592
42 50 27.0 30.506704089050775
42 51 177.0 202.73289059713173
42 52 62.0 82.86768360231756
42 54 83.0 104.42160965889711
42 55 122.0 139.71682189273503
42 56 58.0 68.97221911684142
42 57 97.0 134.08993219051976
42 58 87.0 95.72236395690423
43 44 29.0 41.74930317073779
43 45 61.0 78.45104999249234
43 46 65.0 79.83553107160047
43 47 43.0 55.944189308039036
43 48 55.0 59.56454859081994
43 49 69.0 75.59647413215271
43 50 79.0 80.79749368441621
43 51 159.0 214.01967593839154
43 52 24.0 29.043873198920256
43 53 28.0 39.49321306338943
43 54 60.0 65.9646655833771
43 55 82.0 109.97407207951048
43 56 59.0 82.90844397662588
43 58 32.0 43.3829716376426
44 45 50.0 51.62575999700101
44 47 53.0 61.05895173827882
44 48 60.0 75.23872894133272
44 49 56.0 65.33908975322373
44 50 73.0 97.61330797680674
44 51 140.0 178.87497351460905
44 52 49.0 69.8804449529514
44 54 84.0 88.6181138609574
44 56 74.0 79.4109527996386
44 57 77.0 112.3934066492504
44 58 43.0 54.392676893917375
45 46 121.0 147.56433835578662
45 47 100.0 142.06189147296774
45 48 109.0 148.11527934931283
45 49 8.0 10.587370782817692
45 50 24.0 24.737079645987475
45 51 181.0 213.63437144532887
45 52 61.0 67.80841270704123
45 53 75.0 77.18121731554514
45 54 81.0 119.32859499477932
45 55 125.0 129.08634360811462
45 56 55.0 61.42304363549506
45 57 96.0 125.59233573838277
45 58 89.0 124.68484833045173
46 47 22.0 31.021920237970246
46 48 11.0 16.430114736500222
46 49 127.0 133.29149316546588
46 50 142.0 174.13616198847214
46 51 121.0 138.2555039531877
46 52 85.0 123.61091547782354
46 53 45.0 62.87554843883744
46 54 115.0 168.6995819448972
46 56 122.0 158.02181736912686
46 57 84.0 122.29408444224919
47 48 13.0 16.05946943057961
47 49 107.0 150.3755557274947
47 50 120.0 126.61787999952368
47 51 133.0 166.74074074141066
47 52 62.0 79.67461539309508
47 53 27.0 34.92337172769745
47 54 94.0 133.0137712888125
47 55 48.0 53.13713423015137
47 58 11.0 15.770259558149837
48 49 116.0 159.37232381893162
48 50 130.0 186.19248275774802
48 51 122.0 169.4334074110445
48 52 75.0 93.30297749223328
48 53 34.0 38.63944189040532
48 55 36.0 52.97791612865037
48 56 113.0 162.2222446580431
48 57 78.0 98.07899876930375
48 58 22.0 24.15513220949771
49 51 183.0 268.79548556263484
49 52 69.0 86.36101370429031
49 53 82.0 87.82644029997674
49 54 88.0 131.59345772209934
49 55 130.0 186.21801000799488
49 56 61.0 74.5158492453225
49 57 104.0 136.0242093889518
49 58 96.0 126.39632424223976
50 51 204.0 273.14207921435815
50 53 97.0 115.5280242473044
50 54 81.0 113.2306550144837
50 55 149.0 183.87619819526063
50 57 104.0 147.05881576241055
50 58 109.0 142.64080521033935
51 52 183.0 213.4404776845978
51 53 131.0 143.22959114461707
51 54 219.0 314.49363397590025
51 55 86.0 102.29515148801772
51 56 214.0 223.42985677840284
51 57 198.0 283.3105438535401
51 58 137.0 169.42515782981351
52 54 36.0 48.188959665498324
52 55 106.0 155.35957828786272
52 56 38.0 48.76400624623518
52 57 35.0 51.397462678805624
52 58 53.0 77.7060176000939
53 55 55.0 79.71786571134265
53 56 86.0 117.754599650565
53 57 70.0 83.91271585684805
53 58 18.0 25.13805809449248
54 55 140.0 170.55459645268581
54 56 30.0 31.873051004968367
54 57 37.0 38.53075475057399
54 58 86.0 112.51370403439302
55 56 141.0 191.92171117953967
55 57 114.0 125.32209793579979
55 58 54.0 66.03053038212961
56 57 60.0 75.39563837523563
56 58 90.0 133.4337357818307
57 58 60.0 72.79040972532198
