59
145.86446869839563
49.0
23
1
24
47
33
15
26
31
41
8
29
9
34
11
2
16
12
28
27
53
10
56
3
0
5
11
42
41
19
53
0 1 146.0 162.48166529118186
0 2 145.0 177.49989972490144
0 3 181.0 216.37318025909008
0 4 77.0 87.59600422086785
0 6 76.0 92.21332534221813
0 8 195.0 222.86834369099878
0 9 151.0 151.09089512553922
0 10 49.0 58.046151192804615
0 11 84.0 90.34333042418615
0 13 114.0 115.43507277471224
0 14 29.0 40.13792998114542
0 15 108.0 159.51906839100425
0 16 135.0 139.41956854335146
0 17 32.0 33.74631969054472
0 18 64.0 86.06768387809129
0 19 88.0 102.86907947797718
0 20 18.0 25.449425302257403
0 21 153.0 157.66012795562526
0 22 145.0 167.22247599032218
0 23 39.0 55.26153034577836
0 24 188.0 241.0299738529592
0 25 37.0 48.664264276165596
0 26 219.0 297.7918126469057
0 27 44.0 51.492524881084265
0 28 24.0 33.93629264381912
0 29 57.0 83.91513161098254
0 30 144.0 211.73719332633107
0 32 74.0 75.38140168649593
0 33 57.0 75.93700127976284
0 34 58.0 60.39582899977212
0 36 144.0 152.77181549649202
0 37 189.0 260.0147175746339
0 38 69.0 69.69794156373625
0 39 140.0 164.20355815990877
0 41 151.0 167.55662766134287
0 42 44.0 47.218479606189106
0 43 84.0 90.77595931057807
0 44 85.0 108.16220950068742
0 45 40.0 43.908617718281576
0 46 149.0 174.709733407299
0 47 127.0 136.86012682139688
0 48 138.0 186.85208223734801
0 49 40.0 43.39052548013102
0 50 19.0 24.284900885619322
0 51 220.0 327.9561858328556
0 52 71.0 73.63882054436979
0 53 106.0 124.88693880448034
0 55 160.0 178.65491950842392
0 57 101.0 120.60812380198233
0 58 116.0 148.08636897262267
1 3 40.0 42.562181304044216
1 4 80.0 102.67864495306057
1 5 40.0 40.27166406372045
1 6 148.0 174.7290865093375
1 7 51.0 57.16963204496323
1 8 67.0 98.68575610499472
1 9 30.0 34.725880008223285
1 10 109.0 120.96416694902499
1 11 99.0 135.95028577210974
1 12 112.0 163.8114508707219
1 13 33.0 45.93427733682451
1 14 165.0 240.36209469856
1 15 65.0 67.04736479792257
1 16 52.0 68.98816983079368
1 17 154.0 159.7439310264779
1 18 92.0 132.49950171399837
1 19 74.0 79.918316772732
1 20 161.0 239.2105573139317
1 22 50.0 51.05746233833156
1 23 113.0 124.83653526306831
1 24 43.0 62.3754118730862
1 25 139.0 179.8303685995586
1 26 86.0 117.15278547528264
1 27 120.0 176.9610407624851
1 28 139.0 160.9316579571432
1 29 88.0 102.28052203737474
1 30 71.0 85.2290395925043
1 31 108.0 125.22351639535076
1 32 78.0 104.93697618966159
1 33 95.0 129.58782865326486
1 34 102.0 138.3554469710014
1 35 57.0 64.81293464919659
1 36 46.0 46.19988761855971
1 37 47.0 50.65419764909739
1 39 27.0 28.837916771700318
1 40 47.0 67.07073648384879
1 41 47.0 59.644452203995954
1 42 108.0 126.06987427131767
1 43 71.0 99.71441399664138
1 44 61.0 61.02566612614367
1 45 111.0 121.00732457287265
1 46 37.0 37.9280732469621
1 47 42.0 50.60453520188952
1 48 33.0 33.1145940791276
1 50 134.0 172.43458963818463
1 51 91.0 112.10264537521523
1 52 95.0 135.17988656477118
1 53 43.0 55.66390168508903
1 54 130.0 151.52550693874565
1 55 14.0 18.17590711890887
1 56 129.0 160.93610151066324
1 57 106.0 141.64766494953415
1 58 45.0 56.242785347254454
2 4 69.0 89.11261940478187
2 5 5.0 7.372285798647336
2 6 129.0 138.56463046937515
2 7 45.0 60.1835218398015
2 8 100.0 101.98654991890561
2 10 100.0 130.19584627253923
2 12 97.0 129.0427297217854
2 13 52.0 74.45437902376202
2 14 158.0 210.48348056467472
2 15 43.0 57.146818936719875
2 16 19.0 19.605111128463243
2 17 160.0 214.3281354696325
2 18 104.0 140.97009614264607
2 19 60.0 60.02303493205239
2 21 20.0 25.073657898137466
2 22 15.0 15.09554275134086
2 23 119.0 165.82666375660662
2 24 66.0 88.19465846413156
2 26 115.0 126.7605538984107
2 27 110.0 150.00555781010286
2 28 132.0 151.72863169976515
2 29 89.0 130.61695567641198
2 30 36.0 52.27159510902442
2 31 110.0 115.57491507097633
2 32 71.0 91.89509215131379
2 33 104.0 128.61216837837122
2 34 113.0 128.97388830314688
2 36 81.0 99.3072455256918
2 37 74.0 82.52021098884737
2 38 99.0 107.38987735729951
2 39 10.0 10.541162894702847
2 40 12.0 12.618240772602116
2 41 12.0 15.081285129221492
2 42 114.0 121.76544458916571
2 43 61.0 64.29143177165022
2 44 67.0 82.36541139577528
2 45 116.0 149.48941779330187
2 46 4.0 4.339397551605711
2 47 18.0 18.524329129215943
2 49 123.0 141.43798143142055
2 50 137.0 199.36819241168908
2 51 122.0 182.81119200905508
2 52 81.0 84.90156873268401
2 53 41.0 60.03215924286994
2 54 111.0 160.23390411037218
2 55 35.0 45.32854410468539
2 56 119.0 129.51724823617062
2 57 81.0 114.73642820879587
3 4 120.0 169.23298059117155
3 5 73.0 78.11882240112227
3 6 189.0 197.75493375582394
3 7 91.0 113.06557863042656
3 8 31.0 33.911863008248616
3 9 33.0 47.535437765976525
3 10 149.0 157.874345958897
3 11 140.0 188.09461257713016
3 12 152.0 198.6433232895701
3 13 67.0 84.47311229581437
3 14 203.0 231.7621079455141
3 15 105.0 143.41918278511176
3 16 88.0 111.33283614114826
3 17 185.0 231.58512915276705
3 18 122.0 171.37313233322502
3 19 115.0 156.60606709769442
3 20 195.0 271.69072327486094
3 21 49.0 63.471520017870816
3 22 84.0 103.78001963387132
3 23 146.0 216.46778560999192
3 25 169.0 185.86730699047686
3 26 46.0 51.71897376825355
3 27 160.0 221.563832698488
3 28 177.0 197.85420052026168
3 29 125.0 180.61095941827247
3 31 143.0 149.13979280630747
3 32 118.0 157.56269184499757
3 33 127.0 171.775059203572
3 34 131.0 145.21616135260084
3 35 96.0 138.70277026242655
3 36 49.0 71.17812681064977
3 37 7.0 9.803632696616928
3 38 117.0 143.05715162815298
3 39 63.0 71.16607969542964
3 40 81.0 101.23361156884602
3 41 78.0 83.79259311368102
3 42 140.0 202.4754027680188
3 44 97.0 98.20282889457329
3 45 144.0 145.56013778955784
3 46 69.0 98.74070775165576
3 47 81.0 88.89771154196065
3 48 70.0 97.79540045922059
3 49 148.0 180.25914110434036
3 50 168.0 209.20273544617743
3 51 52.0 64.94980592700556
3 52 135.0 178.5531085377126
3 53 83.0 98.50483729126788
3 54 170.0 187.59164150338927
3 55 34.0 39.82380236781585
3 56 169.0 205.4817955292083
3 58 86.0 116.76462650837429
4 5 71.0 88.14695672194297
4 6 70.0 96.26638988886397
4 7 29.0 30.20614125619466
4 8 141.0 170.68929936906164
4 9 96.0 117.00800431965317
4 10 31.0 43.85208527366409
4 11 27.0 36.32974436938915
4 12 32.0 44.64774994136748
4 13 57.0 62.4182668737432
4 14 89.0 100.6444765816081
4 15 31.0 36.359715922482636
4 16 58.0 80.82283890145744
4 17 97.0 108.54178969566624
4 18 57.0 77.6190825559287
4 19 11.0 13.466647268044255
4 20 94.0 139.1341186039015
4 21 81.0 120.4031167495876
4 22 68.0 70.32623429868929
4 23 60.0 78.41830327141881
4 24 123.0 160.7287454541387
4 25 88.0 108.56576080403127
4 26 164.0 204.7583316668348
4 28 63.0 81.90235025587121
4 29 30.0 31.219062388819417
4 30 68.0 94.46090438876958
4 31 47.0 69.4827355173131
4 32 6.0 8.043971058609905
4 33 53.0 60.26070832164752
4 34 64.0 93.71494100296232
4 35 49.0 64.67323756722857
4 36 98.0 103.35512141470157
4 37 127.0 160.24585796353844
4 38 56.0 57.093093213594194
4 39 66.0 77.78805727365257
4 40 67.0 88.29923492143318
4 41 74.0 81.77487884690238
4 42 57.0 71.362575348359
4 43 9.0 10.42922636585156
4 44 33.0 42.5605926024467
4 45 57.0 75.44721944726857
4 47 51.0 66.63759328824794
4 48 63.0 72.65326617470305
4 49 65.0 75.1323405050026
4 50 73.0 77.02513695061242
4 51 167.0 240.5097709349869
4 54 52.0 54.46839781734804
4 55 91.0 94.74507662031174
4 56 50.0 63.77264760800103
4 57 45.0 56.34982914494495
4 58 40.0 54.99668396973607
5 6 128.0 166.84508040969635
5 8 104.0 130.19460901185923
5 9 71.0 78.81693646800095
5 10 102.0 151.3176853200252
5 11 79.0 89.52168480208185
5 12 97.0 141.86078158904067
5 13 57.0 71.7863813326757
5 15 43.0 59.61685642534762
5 16 17.0 24.289302841868157
5 17 163.0 176.27030778372875
5 18 107.0 122.28337404109885
5 19 61.0 64.84001475394784
5 20 164.0 230.01148448671705
5 21 24.0 29.886175312342864
5 22 10.0 11.730081306749348
5 23 122.0 126.07938131679701
5 24 69.0 77.0025487582084
5 25 151.0 169.64750776430068
5 26 119.0 167.85254901314073
5 27 111.0 112.70454528395503
5 28 134.0 143.37552197024417
5 29 92.0 119.6206413586967
5 30 31.0 32.937591134715305
5 31 113.0 132.24560319049021
5 32 73.0 91.66359059105301
5 33 108.0 121.19083854838149
5 34 117.0 168.80417072700055
5 36 86.0 88.1679194484311
5 37 77.0 110.55257352438592
5 38 103.0 123.10407050290846
5 39 15.0 17.178379962977836
5 40 8.0 11.160398932186428
5 41 7.0 8.791765034458663
5 42 118.0 119.10092474029777
5 43 63.0 79.44280755249355
5 44 71.0 101.33085373575426
5 45 119.0 164.1163266431239
5 46 4.0 4.604843262647952
5 47 20.0 20.87710226040576
5 48 11.0 12.477262421301884
5 50 140.0 203.9488299200038
5 51 126.0 181.8939847588121
5 52 82.0 82.72577137567907
5 53 44.0 56.66435387386712
5 54 111.0 134.97447890497477
5 55 39.0 47.09716612406924
5 56 120.0 149.9118242439084
5 57 80.0 89.43740467264583
5 58 31.0 39.20115130007553
6 7 98.0 118.25381017107094
6 8 212.0 227.01298731936643
6 9 167.0 205.3586781376017
6 10 50.0 63.5801385398967
6 11 50.0 55.435909820051585
6 13 128.0 178.89682163224228
6 14 61.0 83.65181150618506
6 15 86.0 108.9790780693731
6 16 112.0 153.08436289992503
6 17 109.0 156.0275212550386
6 18 109.0 153.29252139428618
6 19 74.0 105.32982978348267
6 20 92.0 99.2467941738139
6 21 146.0 189.7176474800408
6 23 95.0 126.38173260147121
6 24 190.0 209.56308239481962
6 25 110.0 144.77361935666877
6 26 234.0 257.62577302306335
6 27 43.0 61.86311650614192
6 28 53.0 56.46538059538768
6 29 83.0 104.98157467775029
6 30 109.0 148.90537077361367
6 31 81.0 84.03035963992589
6 32 74.0 81.5867598094578
6 33 101.0 125.11405688028874
6 34 110.0 127.64492410111224
6 36 169.0 181.8313789450443
6 37 195.0 219.0077741856192
6 38 111.0 161.84509427469285
6 39 130.0 146.82250691332723
6 40 122.0 129.4346549312835
6 41 128.0 153.18618911572747
6 42 96.0 117.42656453997806
6 43 79.0 109.2037819963446
6 44 102.0 141.82053945302513
6 45 93.0 139.2492023927503
6 46 132.0 178.85634160925378
6 47 112.0 120.54109727981157
6 48 125.0 186.43859577745394
6 49 99.0 123.85182218431532
6 50 89.0 124.8119283900212
6 51 238.0 337.9428288956363
6 52 54.0 71.26793858519112
6 54 18.0 22.56028811836655
6 56 38.0 51.85201751434574
6 57 51.0 69.32428608014996
6 58 104.0 115.3263603609631
7 8 114.0 138.76867355023958
7 10 59.0 79.82450057478314
7 12 61.0 68.46736149199094
7 13 32.0 32.739730116658706
7 14 116.0 170.04910645566497
7 15 26.0 31.909925349305993
7 16 40.0 47.326987293635895
7 17 115.0 163.24438955006693
7 18 61.0 71.56312701528188
7 19 24.0 27.666254886961493
7 20 117.0 130.75445369641557
7 21 53.0 59.98246052783057
7 22 49.0 55.33743892401176
7 24 94.0 106.77737685166063
7 25 103.0 142.3009799192478
7 26 135.0 191.50952148488287
7 27 70.0 89.96996760837094
7 28 90.0 108.91396860845245
7 30 57.0 73.15979246222146
7 31 65.0 95.81573019595828
7 32 27.0 27.773192208273
7 33 60.0 80.8115636225072
7 34 70.0 79.21327413837302
7 35 35.0 50.2730178875158
7 36 74.0 100.67248137715383
7 37 98.0 146.69894223361996
7 39 39.0 39.70097758404542
7 40 47.0 47.98596318323739
7 42 70.0 95.57420320088411
7 43 20.0 23.37415494689599
7 45 71.0 94.6670034791496
7 46 49.0 73.06942957204089
7 47 28.0 39.17848658473152
7 48 38.0 56.74544014187189
7 49 78.0 112.55445781106725
7 50 92.0 106.51174009498452
7 51 139.0 178.70210830957618
7 53 8.0 8.924086511399587
7 54 80.0 117.54583129207246
7 55 62.0 89.17552863168797
7 56 78.0 90.3543575813469
7 57 62.0 91.92835247687553
7 58 17.0 17.924562035516264
8 9 45.0 61.94132401356673
8 10 168.0 234.5076208933728
8 11 164.0 167.1485791072397
8 12 174.0 260.997469589522
8 13 85.0 125.49963775115941
8 14 219.0 310.6962165547942
8 15 132.0 196.72102342484268
8 17 193.0 232.18465840594843
8 18 132.0 140.724908372901
8 19 138.0 185.01832998773241
8 20 206.0 254.50535090261124
8 21 79.0 81.0886452033112
8 22 114.0 116.51316077214537
8 23 157.0 219.08798613471274
8 24 41.0 51.845933319589115
8 25 176.0 199.59636448828326
8 26 25.0 27.174823719770746
8 27 179.0 242.83486983779278
8 28 194.0 271.09051775769296
8 29 141.0 169.7269633581659
8 30 135.0 200.49006984717735
8 31 157.0 224.39294029421958
8 32 138.0 204.23106476320206
8 33 138.0 202.42232100029415
8 34 140.0 186.28907800366213
8 35 124.0 125.24418753685913
8 36 51.0 54.1816887894258
8 37 31.0 41.61795610309174
8 38 126.0 169.30697080669097
8 39 93.0 106.97368289767394
8 41 109.0 115.93692169053504
8 42 151.0 185.13990220474312
8 44 114.0 121.95529638631383
8 45 155.0 212.34645683200748
8 46 99.0 144.61592204224877
8 47 109.0 116.2747254850723
8 48 99.0 116.76226225199765
8 49 157.0 217.4093095175298
8 50 179.0 251.71227862855233
8 51 26.0 34.774972127625155
8 52 157.0 216.32355066308824
8 53 105.0 154.875676328682
8 54 194.0 258.660667307083
8 55 64.0 90.91045046304775
8 56 188.0 240.46052237888648
8 57 173.0 257.68599356844373
8 58 112.0 155.16398786111998
9 10 123.0 171.56726493362996
9 11 120.0 179.8346459590667
9 12 129.0 144.20004608168003
9 13 39.0 44.33858335490162
9 14 174.0 241.6834949848017
9 15 90.0 117.15170823782698
9 16 82.0 103.46795353713253
9 17 152.0 207.75524519491276
9 18 90.0 120.13163136092138
9 19 94.0 95.02004015316112
9 20 163.0 169.88409510767607
9 21 50.0 68.45721911762259
9 23 114.0 138.09621186136252
9 24 44.0 52.89747738208757
9 25 136.0 162.16725015284598
9 28 149.0 206.92429398412528
9 29 96.0 136.50443692643563
9 30 101.0 131.7630483072088
9 31 113.0 167.22819274591257
9 32 93.0 107.60197719957753
9 33 95.0 106.74031146876563
9 35 86.0 124.41937460690441
9 36 18.0 26.779201671738267
9 37 41.0 44.59681468010567
9 38 84.0 91.9822839019228
9 39 57.0 84.42138711322319
9 40 78.0 80.32417135761371
9 41 78.0 108.760958298353
9 42 108.0 158.35841794682113
9 43 88.0 102.14515485436428
9 44 69.0 82.97297747427585
9 45 112.0 117.83529706434517
9 46 68.0 94.4251834238033
9 47 70.0 72.6211130727808
9 48 63.0 66.9231285220844
9 49 115.0 141.017151631408
9 50 136.0 149.66958035711295
9 51 71.0 71.00865179961762
9 52 112.0 146.19948338143465
9 53 61.0 81.80207831274818
9 54 149.0 152.2559175798328
9 55 38.0 51.17521128903746
9 56 142.0 162.26183156836106
9 57 131.0 152.53255714133658
9 58 71.0 83.32741132664347
10 11 35.0 35.09047009225135
10 12 18.0 21.63525807335627
10 13 83.0 106.41777083572262
10 14 58.0 82.9522361742195
10 16 88.0 99.24786263313567
10 19 40.0 45.97362083516941
10 20 68.0 90.69296549536354
10 21 112.0 127.28581035022069
10 22 98.0 125.46563664029927
10 25 71.0 99.17318669720473
10 26 191.0 208.16367579920455
10 27 11.0 13.541891231555462
10 28 32.0 38.627365357445726
10 30 95.0 129.93614888398204
10 31 33.0 33.487522647922276
10 33 51.0 53.92922596437064
10 34 60.0 86.99174509195825
10 35 78.0 113.48519705012289
10 36 121.0 160.16782769265325
10 37 156.0 173.42133003105138
10 38 60.0 66.65451225297006
10 39 97.0 101.68037270695592
10 40 97.0 103.6797072193224
10 41 104.0 137.43402795671213
10 42 48.0 58.50331695958693
10 43 39.0 46.20280509388769
10 44 54.0 54.148941094090155
10 45 45.0 64.3925725082265
10 46 104.0 155.9442470349267
10 47 82.0 96.1231266939704
10 48 94.0 107.30126388600173
10 49 53.0 73.56378915530547
10 50 51.0 70.20537161614325
10 51 194.0 260.84837972416545
10 52 22.0 29.826338301815294
10 53 66.0 84.73206130961597
10 54 36.0 47.27123164563349
10 56 20.0 22.19973605945896
10 57 52.0 58.72427497675714
10 58 71.0 91.45401517687768
11 12 21.0 29.139493404847695
11 13 82.0 86.86809357830639
11 14 87.0 121.14616481551953
11 15 36.0 37.105743502008295
11 16 63.0 80.25641774974324
11 17 111.0 122.90731199481269
11 18 82.0 87.5010986098968
11 21 96.0 143.07388513603797
11 22 73.0 79.0916684028537
11 23 80.0 87.89214215290653
11 24 140.0 205.0169946247736
11 25 105.0 105.50700768849163
11 27 40.0 56.875831263401736
11 29 53.0 66.83634636435359
11 30 64.0 78.2688827150263
11 31 65.0 84.24800936163457
11 32 33.0 42.03154294372338
11 33 77.0 83.30369587034058
11 34 87.0 117.09803168534505
11 35 52.0 52.49267467447239
11 36 124.0 179.50436275047338
11 37 146.0 201.2102040122544
11 38 82.0 114.59305220136517
11 39 80.0 93.41990854879924
11 40 73.0 108.38676366621273
11 41 80.0 108.41161354487105
11 42 78.0 79.2445926294791
11 43 33.0 38.21070036302484
11 44 61.0 89.55974161938649
11 45 77.0 98.83986292678486
11 46 83.0 99.3780777530494
11 47 62.0 73.48252610359201
11 48 75.0 112.45889592179549
11 49 85.0 126.03723329760462
11 50 86.0 121.34045615590837
11 51 190.0 270.4742716252672
11 52 16.0 23.334205421667324
11 53 58.0 64.00993212591358
11 54 32.0 37.71767499930163
11 56 45.0 45.222415407158536
11 57 19.0 24.198838555827923
11 58 54.0 57.14381899207795
12 13 90.0 112.67949836791381
12 14 65.0 83.19530516199175
12 16 82.0 117.47457412974285
12 17 93.0 111.29806966757097
12 18 75.0 105.27381405177809
12 19 38.0 55.826817946171815
12 20 82.0 104.59614663329889
12 21 111.0 144.35382869855013
12 22 92.0 122.45905894035337
12 23 66.0 71.16475047710503
12 24 155.0 198.4155504411361
12 25 89.0 118.55058997913417
12 26 196.0 261.488011173588
12 27 19.0 28.195153677307086
12 28 43.0 47.620430580424504
12 29 47.0 66.25651020197921
12 30 85.0 116.29298211105355
12 31 51.0 61.32365116961817
12 32 36.0 41.96130124624826
12 33 68.0 90.73896064337256
12 34 78.0 94.97227550324334
12 35 72.0 89.3394185871816
12 36 130.0 182.47256561887275
12 37 159.0 199.19766092527018
12 38 76.0 86.47921272474763
12 39 96.0 125.1400938967452
12 40 92.0 130.86155087801944
12 41 99.0 139.70609105900212
12 42 66.0 84.03886532671599
12 43 41.0 47.56300219288674
12 44 64.0 82.49422422530904
12 45 64.0 86.23874954636378
12 46 100.0 117.98119062220343
12 47 79.0 106.1902898142402
12 48 91.0 115.51687158043383
12 49 71.0 82.60619173718338
12 50 69.0 98.379979627025
12 51 200.0 231.24967192045932
12 52 17.0 23.88068805539012
12 53 69.0 76.31645833439386
12 54 20.0 24.80208700658646
12 55 123.0 125.28196147427342
12 56 24.0 30.456457960121526
12 57 36.0 37.27710568074529
12 58 69.0 75.49717693102205
13 14 136.0 137.19749368292713
13 15 57.0 61.51711993289216
13 16 59.0 60.40150911949638
13 17 120.0 132.00963642413126
13 18 59.0 61.98830151597042
13 19 56.0 60.29819824238841
13 22 64.0 85.10615604093968
13 23 80.0 103.30886246021478
13 24 73.0 106.80033970418776
13 25 106.0 127.27622331815087
13 26 108.0 151.59153926962068
13 27 94.0 116.47249125625122
13 28 110.0 155.66110035943203
13 29 57.0 69.64228528661201
13 30 79.0 90.8460660012903
13 32 53.0 62.471236771920566
13 33 62.0 82.74333228377138
13 35 59.0 66.60858279869935
13 36 42.0 59.731804255912245
13 39 42.0 47.440145963129936
13 42 75.0 95.11222547119874
13 43 49.0 51.02469009357514
13 44 30.0 37.67496216261344
13 45 78.0 107.48568671846999
13 46 56.0 70.75802049054045
13 47 45.0 45.153287007233004
13 48 46.0 56.83873399862344
13 49 83.0 90.03728461414649
13 50 102.0 106.43095058111832
13 51 111.0 122.88074999172991
13 52 73.0 83.35769095095033
13 53 25.0 36.31095565184138
13 54 110.0 156.9798413939311
13 55 48.0 52.84178429842804
13 56 103.0 126.08589898868533
13 57 95.0 108.5982739032058
13 58 40.0 52.71594176249642
14 16 146.0 213.2501794881437
14 17 58.0 63.000786156734264
14 18 91.0 117.88050677975393
14 19 98.0 106.2395484401779
14 20 35.0 35.202820392235736
14 21 170.0 250.3154655409199
14 22 156.0 156.18876836552968
14 23 67.0 80.23001643714052
14 24 208.0 244.65219383290426
14 25 66.0 94.01776187205911
14 26 243.0 272.16090122847874
14 27 48.0 50.699338031743935
14 28 26.0 31.291155874317525
14 29 78.0 112.11050111013104
14 30 151.0 197.23029828242676
14 33 83.0 112.94864460790865
14 35 136.0 157.77378424311695
14 36 169.0 171.6362332566953
14 37 210.0 240.8467108309087
14 38 95.0 136.73456981932748
14 39 155.0 206.8297573056032
14 40 155.0 157.71347540543903
14 41 162.0 163.26450111797794
14 42 71.0 85.04972529500684
14 43 97.0 126.55258828418968
14 44 105.0 142.68726219755584
14 45 67.0 96.11344951052405
14 46 162.0 212.93743234071545
14 47 140.0 152.76926660530495
14 48 152.0 213.6524189869158
14 49 69.0 96.5595846663214
14 50 48.0 64.09075688129687
14 51 245.0 252.6410776135223
14 52 78.0 105.96993405193118
14 53 123.0 145.86446869839563
14 54 64.0 95.21774326008219
14 55 178.0 266.9553545634444
14 56 41.0 61.18518941474785
14 57 99.0 105.19929639094575
14 58 129.0 151.6197727781014
15 16 28.0 28.515643711745078
15 17 128.0 166.91461504226663
15 18 82.0 116.00809187734629
15 19 19.0 23.988743751188615
15 20 126.0 144.7399008782155
15 21 60.0 60.67744036002723
15 22 38.0 49.29453232842046
15 24 105.0 113.25607176094591
15 25 118.0 170.71668884875453
15 26 151.0 216.36245281758053
15 27 69.0 92.50020642196648
15 28 92.0 131.0199705556459
15 31 77.0 104.37302741715806
15 33 80.0 84.08091421104332
15 34 90.0 134.9306846050701
15 35 18.0 24.518543608292873
15 36 98.0 98.20289330031456
15 37 111.0 144.63994903487614
15 38 80.0 99.56259004581433
15 39 44.0 53.20236949124217
15 40 38.0 54.391951643058206
15 41 45.0 57.445085870547516
15 42 86.0 94.25141901140748
15 44 49.0 72.14028716681341
15 45 87.0 127.27247736995311
15 46 47.0 49.75353020227817
15 47 26.0 30.01854278826136
15 48 39.0 43.70277504707936
15 49 95.0 116.54254607986483
15 50 104.0 125.40253775655565
15 51 157.0 175.5577022172904
15 52 38.0 39.45322847079082
15 54 68.0 85.03084765471276
15 55 73.0 84.32704065868948
15 56 76.0 103.51584177130033
15 57 41.0 54.13999116799911
15 58 19.0 23.753969746909824
16 17 154.0 197.7267508833493
16 19 47.0 52.32330279659199
16 21 39.0 54.0105771773571
16 22 10.0 13.924728415691668
16 23 114.0 169.51888808941393
16 24 85.0 87.16152292150328
16 25 142.0 154.30660068477445
16 26 134.0 176.42793798397886
16 27 97.0 112.905017832126
16 28 120.0 138.87415658175567
16 29 83.0 86.85296114597138
16 30 20.0 23.765092291877487
16 31 103.0 125.24764874682666
16 32 61.0 73.3611483328036
16 33 101.0 114.51465679529902
16 34 111.0 143.2036558661793
16 35 10.0 14.040018211104584
16 36 94.0 136.81658148503777
16 37 93.0 103.84247005191426
16 38 98.0 110.29793308922218
16 39 25.0 31.620391684352196
16 40 10.0 14.381089309252575
16 41 16.0 21.247029628722622
16 42 110.0 139.50004053205262
16 43 51.0 63.13821174894559
16 44 66.0 97.94798727271235
16 45 111.0 134.55207111193496
16 46 21.0 26.1818523000545
16 47 14.0 20.993918723697007
16 48 19.0 23.960721677559853
16 49 118.0 125.83762627410468
16 50 130.0 158.28117452355062
16 51 141.0 167.04754604513266
16 53 40.0 43.97663865386309
16 54 95.0 123.61668047058208
16 55 54.0 63.30816540007024
16 56 105.0 153.11818035739697
16 58 23.0 31.872141498329494
17 19 109.0 138.3871945335009
17 21 165.0 171.3253943381538
17 22 163.0 207.32300810732562
17 23 41.0 60.460927491030475
17 24 193.0 205.6274744199955
17 25 16.0 18.466980582441124
17 26 218.0 298.0709312653353
17 27 74.0 107.30521251416499
17 28 56.0 81.3739053085655
17 29 71.0 103.51622656122616
17 30 166.0 206.75361782301695
17 31 51.0 64.3934135471882
17 32 93.0 134.43636095387666
17 33 58.0 62.979552604654415
17 34 53.0 56.78414776756223
17 35 146.0 207.45127354818305
17 36 141.0 195.7111305817291
17 37 192.0 263.9192717003887
17 38 67.0 89.8821805467019
17 39 154.0 210.6725257770942
17 40 162.0 189.33438028069716
17 41 168.0 211.10838375943024
17 42 46.0 54.52608042987869
17 43 103.0 130.15899176401226
17 44 94.0 114.86475739770114
17 45 43.0 46.419766643950055
17 46 164.0 222.99925312136457
17 47 144.0 187.7050958297365
17 48 153.0 179.27382755734982
17 49 38.0 54.150006572458075
17 50 24.0 32.90548066067459
17 51 217.0 305.81491748584756
17 52 96.0 122.50608755842627
17 53 119.0 136.9169700953737
17 54 104.0 142.5389215371682
17 56 74.0 82.57008941835902
17 58 132.0 154.4210049494143
18 19 67.0 76.24073618653992
18 20 73.0 96.24035193462579
18 21 105.0 127.0793016762895
18 22 110.0 145.85380658072935
18 23 25.0 25.06593728291382
18 24 131.0 195.40733539986167
18 25 47.0 57.8542158584368
18 27 66.0 70.43307932799337
18 28 69.0 101.13143043713814
18 29 29.0 41.98863060802786
18 30 118.0 131.70963008827883
18 31 30.0 44.4065384887483
18 32 51.0 54.39775316760403
18 33 8.0 8.064764171805889
18 34 9.0 9.37731735320427
18 35 96.0 142.26844927055654
18 36 80.0 93.62298736220527
18 37 130.0 188.36873006327534
18 38 5.0 5.8069162461645965
18 39 96.0 104.47979750053133
18 40 108.0 111.74968044352794
18 41 113.0 147.26493998809275
18 42 20.0 29.193651918753748
18 43 58.0 86.71680273404185
18 44 36.0 42.80833166932862
18 45 24.0 30.05605744311542
18 46 108.0 128.69574728068824
18 47 89.0 123.86989046469657
18 48 96.0 112.0973616305189
18 50 47.0 65.71168530298065
18 51 157.0 204.39493799387864
18 52 67.0 93.77721365834886
18 53 63.0 66.56635042525663
18 54 95.0 114.81171618288995
18 55 107.0 146.63936701453304
18 56 73.0 91.70617597545338
18 57 101.0 121.10328921711502
18 58 79.0 92.55753305812608
19 20 106.0 154.04961240303794
19 22 58.0 83.72987567443539
19 23 71.0 86.22998180375112
19 24 117.0 174.11896070996417
19 25 99.0 135.06806343864181
19 26 160.0 183.79695220329046
19 28 73.0 83.95207473471484
19 29 41.0 52.71263514077931
19 30 57.0 80.9527131850656
19 31 58.0 59.80461546240076
19 32 16.0 16.648725363837848
19 34 74.0 110.52340333038596
19 35 38.0 56.0984725998872
19 37 121.0 131.37639245447934
19 39 58.0 84.30940597551337
19 40 57.0 59.95780685090641
19 41 63.0 82.71612390860923
19 42 68.0 91.87881015198847
19 43 9.0 11.545677251522841
19 45 68.0 73.08683413372115
19 46 64.0 81.43232001970799
19 48 54.0 71.52968005959778
19 49 76.0 92.69603350282983
19 50 84.0 91.19283010698192
19 51 164.0 202.3789416812717
19 52 21.0 22.57213933531521
19 53 32.0 32.361887920216574
19 54 55.0 62.440895307681075
19 56 58.0 81.86301792549173
19 57 39.0 42.68618380689112
19 58 31.0 42.25009671957581
20 21 169.0 231.621677946371
20 22 163.0 228.97516782210485
20 23 49.0 57.15520975605384
20 24 202.0 285.68479018901036
20 26 231.0 332.6344940496119
20 27 63.0 93.67378235146862
20 28 41.0 46.44531766324551
20 29 73.0 105.47190681966103
20 30 162.0 209.61545547373774
20 31 52.0 59.0139564649883
20 32 91.0 109.21956700778549
20 33 67.0 98.95722499033448
20 34 66.0 93.08886232050824
20 35 144.0 173.63844797329796
20 36 154.0 223.89678323587137
20 37 202.0 228.99278954932598
20 38 79.0 96.70744811262301
20 39 157.0 158.1327223493309
20 40 162.0 208.16407550904964
20 41 168.0 210.76086488543834
20 42 54.0 74.85656848708355
20 43 101.0 146.03694206215653
20 44 99.0 126.87293996482646
20 45 50.0 66.97239059304322
20 46 166.0 188.85517961175444
20 47 144.0 207.63034563139192
20 48 155.0 201.4196014504267
20 49 48.0 53.49382255613911
20 50 26.0 27.10974004106172
20 51 231.0 335.5633160860888
20 52 90.0 97.71765078982658
20 53 122.0 179.07756872580995
20 54 89.0 124.89841070442289
20 55 175.0 236.9150278538877
20 56 60.0 71.15181632358954
20 57 119.0 147.75489142121143
20 58 133.0 146.10611561454644
21 22 34.0 48.602585762506486
21 23 124.0 137.69810726540828
21 24 46.0 60.37122930734289
21 25 151.0 156.52355639743664
21 26 95.0 123.7196979022421
21 27 123.0 173.78372433042233
21 28 143.0 157.8120641917151
21 29 96.0 140.26925681781188
21 30 55.0 56.69949426767209
21 31 117.0 158.37055372554667
21 32 81.0 110.67621626200346
21 33 107.0 123.07767539087442
21 34 115.0 117.67953317855375
21 35 47.0 59.81778207901141
21 36 66.0 66.62193178745952
21 38 100.0 100.56678235338524
21 39 16.0 18.99776840569634
21 40 32.0 33.576943172136374
21 41 29.0 33.13911581202407
21 43 72.0 80.0378537470253
21 44 71.0 100.3619686337315
21 45 121.0 122.94615413821482
21 46 19.0 26.112057226319106
21 47 34.0 34.312719613099134
21 48 21.0 25.284819930399895
21 49 127.0 130.32797086050414
21 50 144.0 215.78531330460342
21 51 102.0 107.74580848514717
21 52 95.0 138.7594680220943
21 53 47.0 63.48145375652579
21 54 128.0 154.9769685043757
21 55 15.0 17.18478626252033
21 56 131.0 179.2680628537371
21 57 100.0 101.91933133371343
21 58 42.0 51.03553268910342
22 23 123.0 157.4405059654645
22 24 79.0 109.7146533904603
22 25 151.0 154.74022305168037
22 27 108.0 142.11247529478817
22 29 92.0 125.00688648466644
22 30 21.0 28.10592953296144
22 31 112.0 130.5950017446531
22 33 110.0 121.27259683421875
22 34 119.0 155.45266483545151
22 35 20.0 24.36084870292344
22 36 95.0 128.69008951590456
22 37 88.0 96.41089449681738
22 39 24.0 35.40979177123279
22 41 7.0 7.542116432889586
22 42 119.0 145.6980133179043
22 43 61.0 78.87716202577187
22 44 73.0 104.55275173921824
22 45 120.0 147.27883845897503
22 46 15.0 19.639957455117955
22 47 20.0 27.152196382910134
22 48 18.0 20.7191286500402
22 49 127.0 145.12212757891353
22 50 140.0 143.95944083086374
22 51 136.0 136.899772169364
22 52 77.0 83.4810877104542
22 53 47.0 57.87159582854515
22 54 105.0 109.79198680294529
22 55 50.0 70.89208852582857
22 56 115.0 144.5497059604775
22 57 72.0 92.74547071428827
22 58 31.0 31.011724730381083
23 24 153.0 197.7065605789833
23 25 28.0 32.643486449880854
23 26 181.0 230.41015051185383
23 27 52.0 60.40487155066223
23 28 48.0 68.85381224206954
23 29 31.0 32.71128132423487
23 30 127.0 155.314120657845
23 32 55.0 61.14917075249369
23 33 18.0 18.068714143156846
23 34 18.0 18.63118816474621
23 35 106.0 110.78226979871798
23 36 105.0 146.88279118021526
23 38 30.0 31.124763567778388
23 39 113.0 162.87019376576185
23 40 121.0 167.5745931196444
23 41 127.0 188.841062992504
23 43 64.0 81.2835921894048
23 44 53.0 65.91643313061279
23 45 3.0 3.605710629168585
23 46 123.0 140.3794584104624
23 47 103.0 126.16388594971863
23 48 112.0 156.73903896937986
23 49 5.0 5.52443678212869
23 51 182.0 184.9680501956976
23 52 64.0 75.39784076282616
23 53 78.0 91.76893364587397
23 55 128.0 182.05787965735064
23 56 56.0 77.83254947093074
23 57 99.0 107.79129212522714
23 58 92.0 113.06338981881832
24 25 178.0 264.4472457347813
24 26 50.0 51.716076530297414
24 27 163.0 229.71518686852528
24 28 182.0 200.97904667121222
24 29 131.0 169.36813267122685
24 30 100.0 140.2313171980853
24 31 150.0 159.6775571400267
24 32 121.0 122.01374147604866
24 33 135.0 149.10140119172806
24 34 140.0 154.07528915799435
24 35 93.0 133.30430049048874
24 36 61.0 80.77791105762562
24 38 125.0 125.79662196097912
24 41 73.0 97.6126571227911
24 42 148.0 174.40732233699873
24 43 114.0 169.38590078896436
24 44 103.0 130.2806170081202
24 45 151.0 163.28651744830287
24 46 64.0 65.23038122809736
24 47 80.0 100.85941721295879
24 48 68.0 80.97438857756562
24 49 156.0 193.50896954038308
24 50 175.0 258.8526891577526
24 51 58.0 64.95199823646817
24 54 172.0 192.81168846469683
24 55 32.0 35.70776836925816
24 56 172.0 227.38825948930355
24 57 146.0 177.72420871545006
24 58 86.0 114.83820501098467
25 26 201.0 207.8839299983707
25 28 58.0 67.66945471187333
25 29 59.0 72.9347601038048
25 30 156.0 191.76871844108743
25 31 41.0 45.64596307147193
25 32 83.0 88.84163131247837
25 33 43.0 49.597863196146555
25 34 37.0 50.52708562434082
25 35 135.0 159.3457146873196
25 36 125.0 142.42218152372394
25 37 177.0 223.14790564080627
25 38 52.0 59.38597352150271
25 39 140.0 150.86600940306982
25 41 156.0 218.12846697877325
25 42 32.0 35.94101677902951
25 43 92.0 131.79418490820225
25 44 80.0 112.57183811039638
25 45 31.0 40.50375070206302
25 46 151.0 195.59407512718343
25 47 131.0 163.5461975267917
25 48 140.0 185.56120227181674
25 49 24.0 24.193187398817415
25 50 21.0 29.319435995503632
25 51 201.0 287.2951212527783
25 52 89.0 100.54153633980768
25 53 106.0 117.36545476842589
25 54 102.0 124.07800908457212
25 55 154.0 191.63884866409342
25 56 73.0 84.13820444120988
25 57 123.0 168.37753095336925
25 58 120.0 142.14823338320605
26 27 202.0 265.4450397197158
26 28 218.0 264.9906099651209
26 29 165.0 165.13281557137844
26 31 181.0 201.57944894354858
26 32 161.0 178.50648668651456
26 33 163.0 201.553851719299
26 35 142.0 170.26315201003214
26 37 41.0 54.511672998677234
26 39 110.0 119.09005958227736
26 40 127.0 184.32497738744482
26 41 123.0 166.54927920348305
26 42 176.0 220.25679931630347
26 43 155.0 188.70081476075572
26 44 138.0 144.2971336688553
26 45 180.0 240.83736711357133
26 47 127.0 160.38845278423852
26 48 116.0 116.89772883031068
26 49 182.0 236.06616318550172
26 50 204.0 271.9604261726719
26 52 179.0 246.44637303111293
26 53 127.0 145.39328800515395
26 54 215.0 265.4295430000726
26 56 211.0 316.10893876044264
26 57 193.0 251.82373228942754
26 58 132.0 187.8143491050423
27 28 24.0 27.002120342861268
27 29 41.0 49.0840555016193
27 30 103.0 126.84131246093462
27 31 38.0 46.190115746335934
27 32 42.0 51.277846423862584
27 33 58.0 85.14531513776515
27 35 87.0 114.0005723970758
27 36 132.0 145.7237245236762
27 37 167.0 214.25258930496187
27 38 68.0 70.00192761483902
27 39 108.0 121.07870964543041
27 40 107.0 114.28467075771135
27 41 114.0 162.74161693390653
27 42 53.0 77.80611073903418
27 43 50.0 52.401601581335136
27 44 65.0 80.78422198489622
27 45 50.0 56.05986214027258
27 46 114.0 162.11435223187758
27 48 104.0 115.4111288676898
27 49 56.0 76.11335561377105
27 50 51.0 54.83419363458607
27 51 205.0 290.90617831360726
27 52 30.0 37.487278673386776
27 53 77.0 109.89681990876478
27 54 31.0 35.563857297691584
27 55 132.0 184.6648881195876
27 56 9.0 11.085336243061132
27 57 56.0 59.46405018768435
27 58 81.0 110.30173811324043
28 29 53.0 73.1927855196187
28 30 127.0 180.34895985638065
28 31 39.0 41.283543398522944
28 32 62.0 70.72431514072069
28 33 61.0 85.66324930443825
28 34 66.0 80.9279521019974
28 35 111.0 117.78185592560641
28 36 144.0 164.76628169661726
28 37 184.0 217.6110267360789
28 38 73.0 78.50217335424915
28 39 129.0 172.1660406607896
28 40 130.0 166.47941377717248
28 41 137.0 151.41352751056544
28 42 51.0 55.65514287990984
28 43 71.0 103.61564869118563
28 45 47.0 64.10696637070393
28 46 136.0 191.99714460259796
28 47 114.0 131.2343183644646
28 49 51.0 68.18417305980347
28 50 37.0 53.30142091255978
28 52 53.0 72.36197656131019
28 53 97.0 102.49086381781551
28 54 48.0 70.47025290897503
28 55 152.0 163.97850950078353
28 56 19.0 23.98033997688909
28 57 79.0 114.91547647024824
28 58 103.0 131.69392859574893
29 30 96.0 126.72560216472762
29 31 20.0 25.205940548234494
29 33 23.0 25.373821254841545
29 34 34.0 40.9595652483837
29 35 75.0 75.45492357352892
29 36 92.0 126.14500612335667
29 37 132.0 183.79871666202484
29 38 29.0 36.90660559151038
29 40 91.0 104.19437750419809
29 41 97.0 122.00762254545009
29 42 27.0 39.271404947925284
29 43 33.0 43.55133971475327
29 44 27.0 34.63219097371234
29 45 28.0 41.010890520169745
29 47 73.0 97.42479530410198
29 48 82.0 117.72168183359216
29 49 35.0 35.40899916103258
29 50 48.0 70.72463698380676
29 52 37.0 43.39668400163593
29 53 49.0 52.63745906609125
29 54 67.0 95.10667542325761
29 55 102.0 142.58963907200803
29 56 49.0 52.73041800181726
29 57 72.0 77.93518423564912
30 31 115.0 153.15255512887973
30 32 72.0 83.61879975341611
30 33 116.0 158.068577467614
30 34 127.0 161.2630275948281
30 35 22.0 29.297631095463473
30 36 114.0 133.25966065708397
30 37 109.0 120.75154861910826
30 38 115.0 144.99480619478072
30 40 24.0 34.2261323754566
30 41 26.0 26.160791794232942
30 42 124.0 179.71832475276264
30 43 63.0 69.24455518230724
30 44 83.0 102.57580685645748
30 45 124.0 174.76797690767734
30 46 36.0 50.03527004355448
30 47 33.0 46.37140748734806
30 48 38.0 50.4760457299346
30 49 132.0 157.05951216173244
30 50 142.0 149.93455981957263
30 51 158.0 177.6030452462983
30 52 73.0 94.19327434552723
30 53 59.0 59.13788991958326
30 54 94.0 114.50959071037802
30 56 110.0 146.7511310919978
30 57 58.0 72.20963078580562
30 58 41.0 55.05049245257641
31 32 42.0 42.82882650744901
31 33 22.0 26.673262394496092
31 36 107.0 124.06363796130067
31 37 151.0 202.23346006948503
31 38 34.0 45.04873484775536
31 40 111.0 132.66116498803072
31 41 117.0 146.33041513337398
31 42 14.0 14.023078818201041
31 43 52.0 76.44093816743846
31 44 47.0 68.50092183071077
31 45 12.0 12.61043912384383
31 46 114.0 151.41710745126642
31 47 93.0 98.16395196488496
31 48 103.0 122.49333592422724
31 49 20.0 20.69311143706056
31 51 183.0 207.21868578680136
31 52 49.0 66.60201627667992
31 53 70.0 98.28446406604196
31 54 68.0 88.33361010790885
31 56 43.0 61.843957501896476
31 57 84.0 97.08604452441116
31 58 82.0 84.70246830936502
32 33 47.0 63.676374176395214
32 35 52.0 76.22364782382151
32 37 125.0 139.2322182316161
32 38 50.0 58.842351374743664
32 39 67.0 67.68077470114818
32 40 70.0 75.99021853081352
32 41 76.0 102.47934399926017
32 42 51.0 73.36170564938998
32 44 28.0 28.154229733782685
32 45 52.0 62.95131137841552
32 46 75.0 102.90874463496029
32 47 53.0 56.67737847083006
32 48 64.0 79.57228471209899
32 49 60.0 86.50118597496929
32 50 69.0 78.86346060495823
32 51 164.0 241.59670190284882
32 52 20.0 28.652661404332736
32 53 35.0 43.36563688519387
32 54 56.0 81.59762114196221
32 55 90.0 112.53684899378999
32 56 51.0 64.91026309347072
32 57 51.0 72.78347293146857
32 58 41.0 51.56743301752718
33 34 11.0 13.870637996753322
33 36 87.0 101.65111856411889
33 37 135.0 155.75704397503108
33 38 12.0 17.929627765638394
33 40 107.0 154.80563442451043
33 41 113.0 119.72548509519099
33 42 13.0 17.762125153878543
33 43 54.0 74.09743160302978
33 44 37.0 40.225239377910235
33 45 17.0 17.42901184615839
33 46 108.0 123.38989795072581
33 47 89.0 129.309074076519
33 50 41.0 54.12583912748008
33 51 163.0 229.45498829904685
33 52 61.0 61.92931226289078
33 53 63.0 72.90499013749984
33 56 65.0 80.97334778819071
33 57 96.0 113.18366646934066
33 58 78.0 115.53550116433225
34 35 105.0 134.69469158479404
34 36 89.0 104.34169121843007
34 37 139.0 170.73908305626813
34 38 15.0 21.76992613028544
34 39 106.0 127.39650313708394
34 40 117.0 132.71159693862697
34 42 15.0 20.802830072461433
34 43 65.0 65.56546221188025
34 44 46.0 62.864788965434634
34 45 19.0 25.330342713143438
34 46 117.0 141.1591998283295
34 47 99.0 125.47034007618664
34 48 106.0 142.63333310039886
34 49 18.0 20.04175167250371
34 50 40.0 54.365015731917254
34 52 71.0 104.93942948658307
34 53 72.0 74.87766059455898
34 54 96.0 113.84776279831124
34 55 117.0 119.14704204611297
34 56 72.0 82.8645333574957
34 57 106.0 120.3854112268716
34 58 88.0 88.03685767488726
35 36 97.0 144.69397235133
35 37 101.0 140.1272345423543
35 38 93.0 122.93349521197314
35 39 32.0 40.99045110330342
35 40 20.0 27.585696665755318
35 41 27.0 38.275195683924615
35 42 102.0 128.54388709508171
35 43 43.0 46.00569957783502
35 44 60.0 65.49272252096257
35 46 31.0 41.67732576988878
35 48 26.0 34.73032498951556
35 49 111.0 160.12659405139186
35 50 122.0 147.326667375229
35 51 148.0 210.02359502689325
35 53 37.0 37.600966381697354
35 54 84.0 87.56455176353444
35 55 62.0 67.78093618488782
35 56 95.0 111.26985040944895
35 57 53.0 57.31115918019338
35 58 19.0 21.687698457330498
36 37 56.0 78.3850445898564
36 38 75.0 100.5488225077455
36 39 71.0 72.96837552952134
36 40 92.0 127.18934617239915
36 41 93.0 94.31976134170111
36 42 100.0 108.531685961746
36 43 91.0 95.00586409367605
36 44 67.0 97.53793031121613
36 45 104.0 119.6371828029077
36 47 82.0 119.20218686568035
36 48 77.0 90.1231925307568
36 49 106.0 111.53546123770562
36 50 128.0 156.3780097347307
36 51 76.0 98.47946710757851
36 52 114.0 134.69440263532474
36 53 67.0 68.15923173926919
36 54 151.0 219.57509121406343
36 55 56.0 76.51971134807677
36 56 141.0 141.32302762686845
36 57 137.0 144.0493155916373
36 58 80.0 86.57044577548972
37 38 124.0 180.49370179617827
37 39 69.0 78.40585895976113
37 40 85.0 110.36181429371116
37 42 148.0 220.2070980165696
37 43 118.0 124.71713668420318
37 44 104.0 148.11623056962372
37 45 151.0 202.69956825845924
37 46 73.0 94.66182530804105
37 47 86.0 113.45183467310265
37 48 75.0 101.40914108635585
37 49 155.0 161.3785556201658
37 50 175.0 212.53236601245973
37 51 48.0 68.5225722538573
37 52 142.0 154.0213917931697
37 53 90.0 102.36080453091634
37 54 177.0 201.65250376892368
37 55 39.0 40.27046560379579
37 56 176.0 212.28653038125194
37 57 152.0 160.8752649256161
37 58 92.0 107.13647480962807
38 39 91.0 113.48227858922117
38 40 104.0 148.16629096962197
38 42 25.0 36.72140425502925
38 43 56.0 79.5082905948955
38 44 32.0 33.46132282572527
38 45 29.0 39.91444091884485
38 46 103.0 147.8704104120198
38 48 92.0 134.02482499968346
38 49 31.0 45.07307495869632
38 51 152.0 164.57372040074816
38 52 67.0 84.35155978983582
38 53 59.0 74.54660556120182
38 54 96.0 134.40293222245543
38 55 102.0 112.24365080826746
38 56 76.0 99.40294773584576
38 57 101.0 101.2273694301337
38 58 75.0 79.72978038746479
39 40 21.0 29.4493044229291
39 41 22.0 25.54834863739022
39 42 108.0 127.27699998547672
39 43 57.0 61.022707285281435
39 44 60.0 66.63258080759891
39 45 110.0 144.1288312710799
39 46 13.0 13.781300915635462
39 48 6.0 7.376952131068745
39 49 116.0 135.47007336521148
39 50 132.0 188.57655999070988
39 51 116.0 130.86365850337893
39 52 79.0 88.54731302961325
39 54 112.0 142.4894231385641
39 55 30.0 30.740530460536274
39 56 116.0 128.3157938219474
39 57 84.0 89.64561934640376
39 58 26.0 29.169681438510693
40 41 6.0 8.337929052345983
40 42 117.0 151.381821176486
40 43 60.0 88.08044631235889
40 44 71.0 104.39596466681962
40 45 118.0 165.98817665221233
40 46 12.0 16.04781043204278
40 47 18.0 20.900279668302677
40 48 15.0 16.244109689350903
40 49 125.0 144.90773382477752
40 50 138.0 199.07989141461834
40 51 134.0 184.5252655478725
40 52 77.0 95.78580534495995
40 54 105.0 155.544074131317
40 55 47.0 68.77416979182024
40 56 115.0 119.79752283331922
40 57 73.0 99.22572499997301
40 58 29.0 36.89358366177383
41 42 123.0 164.7284494841793
41 43 66.0 68.0317123616931
41 44 76.0 104.42225614303308
41 45 124.0 185.80010245582892
41 47 24.0 24.742777816082224
41 48 18.0 26.70870534714289
41 49 131.0 153.54372548571246
41 50 145.0 185.25282506494133
41 51 131.0 137.8134092991367
41 52 84.0 104.17948847623505
41 53 50.0 69.65197751704301
41 54 111.0 160.60160579749538
41 55 45.0 55.3834003427695
41 56 122.0 130.03498245613198
41 57 79.0 97.5119022921327
42 43 60.0 78.00995775842601
42 45 4.0 5.214024381679672
42 46 119.0 120.64054266834329
42 47 99.0 111.01448791599863
42 48 107.0 126.25732024673067
42 49 8.0 9.600303803617841
42 50 27.0 34.72903538127994
42 51 177.0 198.4690817781683
42 53 73.0 107.68698412935426
42 54 83.0 85.68650242847139
42 55 122.0 141.07439459856084
42 56 58.0 63.027348760635
42 58 87.0 91.25872708481714
43 44 29.0 35.46037874785907
43 45 61.0 89.6490753078788
43 46 65.0 97.02803543724218
43 47 43.0 44.60809290380227
43 48 55.0 55.42650031582234
43 49 69.0 74.9483740405012
43 50 79.0 95.2611815086982
43 51 159.0 184.58084551701177
43 52 24.0 27.264087403542902
43 53 28.0 29.961773189997277
43 54 60.0 76.63908017927074
43 56 59.0 63.35333294855417
43 57 48.0 57.94956358261684
43 58 32.0 39.886323980874806
44 45 50.0 62.03887947162441
44 46 71.0 77.30629763350936
44 48 60.0 80.4440824452576
44 49 56.0 58.63729725853695
44 50 73.0 78.81367486492306
44 51 140.0 165.36445838761261
44 52 49.0 60.853539027372044
44 53 26.0 37.55645269010334
44 54 84.0 102.6480828132949
44 55 75.0 105.37902533208458
44 56 74.0 90.58191437175721
44 58 43.0 53.48255657459131
45 46 121.0 139.19071243949796
45 47 100.0 143.01863879354246
45 48 109.0 147.889480755795
45 50 24.0 30.78829506534057
45 51 181.0 267.9008455226704
45 52 61.0 76.93880807337523
45 53 75.0 79.45208519897392
45 54 81.0 116.44127734855962
45 55 125.0 148.4994492816762
45 56 55.0 60.32415831825372
45 58 89.0 130.1520112459448
46 47 22.0 31.701005234440935
46 48 11.0 12.031571792519848
46 49 127.0 167.5519813438977
46 50 142.0 157.26364922303918
46 51 121.0 157.84986104441316
46 52 85.0 123.84903301308441
46 53 45.0 50.134290420141866
46 54 115.0 154.8996394527015
46 55 35.0 42.28927929821556
46 57 84.0 103.06473233525978
46 58 33.0 33.88040649424733
47 48 13.0 15.950967759376029
47 50 120.0 155.31283095248554
47 51 133.0 190.42791622666672
47 52 62.0 76.16964030657256
47 53 27.0 29.029173147299765
47 54 94.0 112.83228976609259
47 55 48.0 51.95100806386407
47 56 100.0 108.87013223292547
47 57 65.0 70.30549866832581
47 58 11.0 13.130601765120053
48 49 116.0 140.62078678927298
48 50 130.0 153.6158245421425
48 51 122.0 169.7080921015838
48 52 75.0 85.11017357594343
48 53 34.0 34.17496363975686
48 54 107.0 115.92734119295517
48 55 36.0 52.02207548214889
48 56 113.0 126.26588939707653
48 57 78.0 114.4910988325976
48 58 22.0 25.30395630699629
49 50 22.0 29.44135907360683
49 51 183.0 238.0724891915321
49 52 69.0 85.68991824643274
49 53 82.0 112.85215819760812
49 54 88.0 90.15595814163112
49 55 130.0 170.93201993213472
49 56 61.0 86.67449641184251
49 57 104.0 145.87587561627774
49 58 96.0 106.2091522902692
50 51 204.0 212.95660898159042
50 52 72.0 84.26353896983187
50 54 81.0 87.91203453288578
50 55 149.0 185.79526171032012
50 56 51.0 65.35465720724241
50 57 104.0 143.86081235756606
50 58 109.0 129.20011388515013
51 52 183.0 263.14991979483125
51 54 219.0 307.0686419286552
51 55 86.0 111.13051254396285
51 56 214.0 273.8062908993927
51 57 198.0 217.5093963364604
51 58 137.0 153.9813790256027
52 53 52.0 74.6826138526434
52 54 36.0 39.90615633305061
52 55 106.0 120.90468072181433
52 56 38.0 43.45533450960272
52 57 35.0 36.86941382785674
52 58 53.0 68.63087344566584
53 54 88.0 104.74194889002379
53 55 55.0 62.09943437733349
53 56 86.0 107.33818676813593
53 57 70.0 102.74983242357284
53 58 18.0 20.18814742065697
54 55 140.0 188.7026066880758
54 56 30.0 41.40174326749357
54 57 37.0 53.71127400444557
54 58 86.0 100.43172178060009
55 56 141.0 164.67161476296116
55 57 114.0 122.8231405047538
55 58 54.0 63.446205003769144
56 57 60.0 80.67418917516193
57 58 60.0 71.34148668476111
