59
99.54614729394412
80.0
23
12
36
52
4
0
51
47
55
16
32
22
38
6
45
56
33
1
43
31
35
46
15
40
5
47
1
45
37
31
0 6 76.0 93.13165621622075
0 13 114.0 145.94331824493344
0 14 29.0 31.41300626326847
0 15 108.0 110.31713907005259
0 18 64.0 94.22907681180025
0 21 153.0 192.42299510219522
0 22 145.0 199.651497406874
0 23 39.0 50.39080646205055
0 27 44.0 50.5343053695034
0 28 24.0 25.198285868111544
0 34 58.0 73.23180748195487
0 39 140.0 188.10912594247105
0 40 144.0 154.4636041590302
0 43 84.0 101.28435066298593
0 46 149.0 191.62375796683588
0 50 19.0 26.413568186182815
0 51 220.0 226.37521302446686
0 53 106.0 145.48230935683011
0 56 42.0 43.38137656902615
0 58 116.0 151.14690220541556
1 6 148.0 166.23680527381907
1 8 67.0 76.31669827893106
1 11 99.0 134.3158300723974
1 12 112.0 144.11925606516778
1 14 165.0 204.87966143514942
1 16 52.0 71.64590383621194
1 19 74.0 101.91199881934635
1 23 113.0 158.63588685008187
1 39 27.0 37.00726086171194
1 43 71.0 93.4471891873248
1 45 111.0 125.02216142827163
1 47 42.0 57.12965129649372
1 50 134.0 151.7050426229023
1 54 130.0 145.12240029566829
2 7 45.0 61.914722088990246
2 8 100.0 108.46156999280927
2 10 100.0 135.07408032200752
2 12 97.0 140.35200163752293
2 14 158.0 226.7052581023865
2 16 19.0 25.966042630342564
2 19 60.0 64.27919760505246
2 23 119.0 163.2844863849659
2 24 66.0 80.03322235243898
2 25 147.0 166.10268264992163
2 26 115.0 158.63354322837156
2 27 110.0 159.40354235916544
2 35 28.0 33.38024275497398
2 40 12.0 15.844968369166558
2 42 114.0 138.4384725438958
2 53 41.0 57.83973338740636
2 55 35.0 51.978607268683426
3 7 91.0 109.92592792408774
3 9 33.0 43.38754943193613
3 29 125.0 183.10621581550222
3 33 127.0 174.6774548156641
3 34 131.0 183.0104240592916
3 36 49.0 60.28233630735263
3 37 7.0 7.46147120130991
3 38 117.0 126.79258123233323
3 40 81.0 97.7145975819875
3 41 78.0 116.4696186155099
3 43 111.0 154.8343101304448
3 44 97.0 99.05207004313802
3 45 144.0 173.65932659475845
3 47 81.0 109.48901528285434
3 49 148.0 167.1167382216078
3 53 83.0 121.37103547779019
4 8 141.0 163.58317953818414
4 9 96.0 124.1008375969398
4 14 89.0 110.28235487510861
4 17 97.0 130.83248754585975
4 21 81.0 100.65567091480156
4 24 123.0 166.57234710382133
4 25 88.0 90.6739322676431
4 28 63.0 75.9592285153054
4 38 56.0 62.1837904028325
4 40 67.0 96.35874609798506
4 43 9.0 9.000421322256848
4 53 37.0 51.132267357070425
4 55 91.0 133.4512430870363
4 56 50.0 53.907638731989
4 57 45.0 56.057694356599114
4 58 40.0 59.65385954226393
5 7 48.0 51.616406194458435
5 11 79.0 81.4727735364579
5 13 57.0 58.61182616752098
5 17 163.0 241.37890701779463
5 18 107.0 134.21183018368185
5 19 61.0 87.33164211512432
5 21 24.0 25.380136247087606
5 22 10.0 11.512993202290808
5 26 119.0 152.84364566006985
5 30 31.0 41.235247386934056
5 33 108.0 160.70324045835864
5 44 71.0 78.04157470055952
5 46 4.0 4.2444057357715685
5 48 11.0 15.093774239878236
5 52 82.0 91.83489295420776
6 8 212.0 314.81688074518286
6 9 167.0 235.5298532766666
6 14 61.0 89.4329531240806
6 15 86.0 98.95245135202462
6 16 112.0 146.49821393008415
6 19 74.0 93.52810920170694
6 20 92.0 118.11610039788695
6 25 110.0 153.9954407064636
6 39 130.0 186.07017323214296
6 56 38.0 54.16247595305255
6 57 51.0 74.61773970623712
7 9 69.0 82.5322033757559
7 15 26.0 28.32315049033737
7 18 61.0 71.38573723079828
7 19 24.0 34.06641585399386
7 20 117.0 136.70284272638847
7 23 74.0 107.23244706814695
7 24 94.0 111.86684430791169
7 36 74.0 85.41852212519764
7 42 70.0 74.1716034637503
7 50 92.0 129.58260420760635
7 58 17.0 22.421107183411443
8 10 168.0 199.93302933574927
8 18 132.0 147.65039966469922
8 28 194.0 198.43356956428724
8 31 157.0 195.060256123023
8 35 124.0 163.75295163528799
8 36 51.0 64.40305958817584
8 37 31.0 46.48155133251947
8 40 111.0 119.97428324660575
8 47 109.0 161.82250701449595
8 49 157.0 225.97451437966848
8 52 157.0 173.39163145150417
8 53 105.0 123.24707001328875
8 54 194.0 216.4093929750293
8 55 64.0 92.9744700140883
9 13 39.0 46.27426353288508
9 20 163.0 197.57578937006605
9 21 50.0 60.75309092529233
9 25 136.0 141.84806789307936
9 26 69.0 89.60775821442776
9 27 133.0 154.3182903838919
9 32 93.0 111.00166877271806
9 40 78.0 113.55083557257267
9 42 108.0 120.62154427614053
9 44 69.0 89.93352336511698
9 45 112.0 129.33235825700734
9 47 70.0 102.17761174321845
9 48 63.0 89.77194555296587
9 49 115.0 134.3518239152775
9 53 61.0 69.70460818357115
9 55 38.0 55.27433171070114
9 58 71.0 97.55313484254972
10 11 35.0 49.14916174358322
10 12 18.0 18.582589170872936
10 19 40.0 54.23065124468949
10 27 11.0 11.006319061677539
10 29 32.0 47.29349991052627
10 34 60.0 77.34909837958928
10 36 121.0 169.14873588741796
10 37 156.0 212.07506530706905
10 45 45.0 47.03226035819035
10 46 104.0 126.0554317016608
10 49 53.0 64.64431521831006
10 52 22.0 31.21645930388019
10 55 122.0 172.00923651920215
10 57 52.0 77.69364378952493
11 13 82.0 84.39587459708132
11 18 82.0 103.04688272658406
11 20 102.0 134.7362374748332
11 22 73.0 88.95529477182626
11 31 65.0 86.88063521124081
11 32 33.0 45.98589252987452
11 36 124.0 143.46479768514436
11 37 146.0 168.66837825902977
11 38 82.0 83.05753038591882
11 42 78.0 102.36753600859201
11 44 61.0 86.6668037759498
11 48 75.0 94.00391099361903
11 57 19.0 27.32344436974009
11 58 54.0 71.99940437095351
12 14 65.0 82.97090832339512
12 15 54.0 58.31627020835591
12 16 82.0 113.71585986599356
12 17 93.0 138.9028535444223
12 18 75.0 88.67762851088997
12 20 82.0 96.68516960375544
12 25 89.0 102.88767504458895
12 27 19.0 25.50264372070945
12 30 85.0 123.23540045992087
12 31 51.0 60.645885912968275
12 32 36.0 48.04246323806997
12 33 68.0 76.301743118688
12 36 130.0 168.2180555478029
12 37 159.0 177.863145119922
12 42 66.0 76.02000652175735
12 45 64.0 68.45777624256883
12 46 100.0 103.05262592201036
12 47 79.0 87.70328798523863
12 55 123.0 146.3472613036987
12 58 69.0 85.51138393101357
13 15 57.0 58.60582017953799
13 26 108.0 108.06852492521084
13 28 110.0 116.6309949628903
13 31 76.0 82.22499228559478
13 45 78.0 84.00626812659132
13 53 25.0 25.54991237089706
13 54 110.0 147.581143963429
13 57 95.0 132.80882462401135
14 15 117.0 121.10535382941269
14 17 58.0 65.05663054253614
14 24 208.0 231.3327230398781
14 27 48.0 52.33703972843665
14 29 78.0 104.18460664994252
14 30 151.0 167.39106548387102
14 32 88.0 107.30515051083421
14 41 162.0 197.94574848928903
14 43 97.0 145.4679999970005
14 47 140.0 184.41272025785017
14 48 152.0 157.17698791134347
14 51 245.0 333.15100520502034
14 57 99.0 123.51854483213069
15 17 128.0 157.27426726095518
15 19 19.0 28.45090706157622
15 21 60.0 79.28165309345634
15 24 105.0 145.18288239052293
15 32 35.0 42.29739600909558
15 37 111.0 149.89453462050383
15 40 38.0 50.076773618266664
15 44 49.0 59.338121191463465
15 46 47.0 68.78189350219554
15 51 157.0 160.20738911923993
15 52 38.0 46.15603268173779
15 53 31.0 45.19053558491473
15 55 73.0 91.64818924701913
15 56 76.0 105.26061784910311
15 57 41.0 46.97058715972892
16 19 47.0 67.0967954865065
16 20 153.0 184.45849231307554
16 31 103.0 136.95586086302023
16 33 101.0 110.33862614159818
16 34 111.0 150.65891347793132
16 36 94.0 110.8274567975403
16 37 93.0 121.9560424187144
16 38 98.0 105.10220689082762
16 44 66.0 98.4234957056641
16 47 14.0 18.227686548266952
16 49 118.0 128.65964110456244
16 50 130.0 157.95490503801298
16 51 141.0 141.84309099454336
16 54 95.0 117.5844031632724
17 18 62.0 71.28677819119216
17 19 109.0 149.122014372081
17 21 165.0 224.26103830589292
17 31 51.0 69.99568821761623
17 38 67.0 95.48455753656933
17 40 162.0 169.1807000558734
17 41 168.0 224.65072747794648
17 42 46.0 64.32184526064054
17 45 43.0 52.01353173075018
17 55 168.0 200.19854760751682
17 57 129.0 133.96100387153052
18 22 110.0 130.72203454633595
18 32 51.0 66.42458215035586
18 33 8.0 9.617177423104357
18 39 96.0 105.24643824557828
18 40 108.0 116.30969726966923
18 43 58.0 58.76555427555522
18 45 24.0 24.49415347976227
18 56 73.0 102.13222811266768
18 58 79.0 97.83854123593923
19 20 106.0 153.3732184063181
19 21 73.0 75.55754966541373
19 22 58.0 86.40007078335564
19 23 71.0 91.0255549352537
19 27 50.0 73.11294173001093
19 28 73.0 92.17441615899426
19 34 74.0 82.39284507910833
19 36 98.0 101.84746908183438
19 38 65.0 80.39791407821104
19 39 58.0 65.91984794753662
19 44 38.0 55.913791637685435
19 52 21.0 22.270698110733996
19 55 85.0 106.36970069260157
19 56 58.0 78.16834082025113
19 57 39.0 45.77979530473856
20 21 169.0 241.6727514335534
20 24 202.0 232.26848046052584
20 25 35.0 40.44124273969466
20 27 63.0 81.25512489661799
20 29 73.0 108.25724839511545
20 30 162.0 179.96148687306223
20 31 52.0 54.01329200596473
20 34 66.0 80.91128387658688
20 35 144.0 185.07855600906137
20 36 154.0 210.47170913571966
20 39 157.0 187.7338060276156
20 41 168.0 198.21646469832083
20 43 101.0 120.7888959190899
20 45 50.0 68.49275641039067
20 48 155.0 206.70617395451137
20 54 89.0 115.87084499138898
20 57 119.0 139.21566051397303
20 58 133.0 135.943830258151
21 27 123.0 144.53026676392565
21 28 143.0 149.94241284967111
21 35 47.0 48.16176486368189
21 39 16.0 23.398581920882158
21 43 72.0 80.08470545250745
21 48 21.0 24.275101969617708
21 50 144.0 185.3636849872399
21 52 95.0 132.5521105305589
21 53 47.0 57.174606643620095
21 55 15.0 20.762567051389333
22 25 151.0 171.88730434041207
22 30 21.0 29.674764012266262
22 32 71.0 99.75452755088362
22 35 20.0 27.525320825873827
22 41 7.0 8.528998594937514
22 42 119.0 129.15007490642722
22 45 120.0 176.15024806869212
22 48 18.0 20.051550168034492
22 50 140.0 162.31521470302903
22 51 136.0 162.1895831119621
22 53 47.0 57.59605760497539
22 57 72.0 102.41024815636885
22 58 31.0 41.526462274510074
23 29 31.0 32.18972834685615
23 36 105.0 118.86822002256066
23 37 153.0 154.7937862943208
24 27 163.0 164.54569651813986
24 30 100.0 117.52762227005489
24 31 150.0 174.22057637166733
24 40 77.0 83.38442310169295
24 41 73.0 97.36494555374068
24 43 114.0 160.45490504441938
24 47 80.0 119.82811514548263
24 57 146.0 148.8326030069361
25 32 83.0 121.91914492847052
25 33 43.0 64.03697601288313
25 37 177.0 220.3810918084488
25 39 140.0 150.57827053652244
25 40 150.0 197.77832427716498
25 41 156.0 171.9557905324383
25 43 92.0 93.75533259647426
25 45 31.0 34.095530596390034
25 46 151.0 179.23014782729976
25 47 131.0 159.20557374531342
25 51 201.0 279.7554871961962
25 55 154.0 199.23165418944745
26 33 163.0 192.07695254266497
26 37 41.0 46.81101759674221
26 42 176.0 236.34444177206998
26 44 138.0 164.47051614261676
26 45 180.0 242.21486921276363
26 46 114.0 135.07938537664432
26 47 127.0 145.04107936425217
26 48 116.0 159.3866565231401
26 50 204.0 219.32188043247774
26 53 127.0 164.63990869303342
26 54 215.0 305.08973139173554
26 56 211.0 259.6520817024264
26 57 193.0 239.84774193554497
27 28 24.0 26.713090984905147
27 38 68.0 89.3564238059736
27 41 114.0 160.6815307820253
27 44 65.0 82.58317588701063
27 46 114.0 124.91603155300501
27 53 77.0 99.0389992308042
27 54 31.0 38.1489444795833
27 55 132.0 138.95828283258214
27 58 81.0 101.19376496739989
28 30 127.0 185.6059187505701
28 32 62.0 63.26894079309105
28 33 61.0 71.65021375410834
28 44 80.0 111.74445708706357
28 47 114.0 160.65957667948393
28 51 220.0 226.03844068488826
28 52 53.0 69.48300204176408
28 55 152.0 196.54245457382174
29 31 20.0 21.304573585632866
29 38 29.0 31.86788998889717
29 39 84.0 108.45488812452261
29 40 91.0 99.63328046767332
29 47 73.0 79.16455748607187
29 51 167.0 240.98769447355653
29 52 37.0 49.15668732286781
29 53 49.0 71.28789380255641
29 55 102.0 106.74577693667524
30 37 109.0 130.4899144057099
30 40 24.0 28.262161332836968
30 42 124.0 173.40255361389518
30 45 124.0 145.1244587768138
30 46 36.0 44.79353952096408
30 47 33.0 46.96427675888336
30 48 38.0 48.794949119770436
30 50 142.0 199.1235309560243
30 54 94.0 111.01565634624009
31 34 29.0 39.07751416030685
31 38 34.0 34.67490625463183
31 40 111.0 146.5555780128277
31 44 47.0 63.319527496126824
31 45 12.0 16.586031388816757
31 47 93.0 130.74292766133547
31 48 103.0 126.83606372942884
31 51 183.0 247.9160943174156
31 55 122.0 132.79435001303867
31 57 84.0 89.51595544059886
32 35 52.0 77.35103431347254
32 36 94.0 106.43653744097551
32 44 28.0 34.59173020683739
32 52 20.0 21.979228786834184
33 34 11.0 14.38737754854475
33 37 135.0 173.25733824489996
33 41 113.0 114.50352439823277
33 42 13.0 15.48809720623333
33 44 37.0 40.800729409906666
33 46 108.0 115.52231993611599
33 48 97.0 127.95568268446381
33 54 87.0 127.92747621562978
34 37 139.0 170.71929070313226
34 41 123.0 166.22803567094618
34 45 19.0 22.11389377287653
34 47 99.0 122.15414072889791
34 54 96.0 122.72351349317876
34 58 88.0 131.23606646056842
35 36 97.0 110.2279790973076
35 39 32.0 43.42315436647791
35 41 27.0 37.72561604846413
35 44 60.0 62.28689823982384
35 54 84.0 114.37960264597253
35 56 95.0 121.44401601150365
35 58 19.0 26.979661188545187
36 38 75.0 111.75883521007555
36 44 67.0 93.19892917555839
36 46 83.0 117.87505458771886
36 48 77.0 104.7015490195057
36 50 128.0 163.61453701376342
36 51 76.0 86.40526456671543
37 42 148.0 207.35110360119688
37 45 151.0 211.94618082282983
37 47 86.0 111.68839735230786
37 51 48.0 61.583130124713705
37 53 90.0 127.17589278160042
37 54 177.0 197.35444754585703
37 56 176.0 206.05634018802772
37 58 92.0 126.85987055253138
38 41 109.0 129.7887906654808
38 46 103.0 135.58489565158712
38 53 59.0 61.31537041137501
39 40 21.0 23.87349174397155
39 42 108.0 125.69429409586385
39 45 110.0 137.7421501456844
39 46 13.0 15.319531545299492
39 55 30.0 34.72687446574454
39 56 116.0 132.28601349045454
39 57 84.0 101.53592329938178
40 42 117.0 175.05387135829372
40 43 60.0 75.81383585627732
40 45 118.0 164.45294290211464
40 46 12.0 17.600755023416788
40 48 15.0 17.247705358182955
40 50 138.0 140.569782338336
40 52 77.0 83.49798947783937
40 56 115.0 141.2847870801919
40 57 73.0 92.14177328904437
40 58 29.0 34.93527030130013
41 42 123.0 133.7533184411276
41 43 66.0 82.29483155417252
41 45 124.0 177.0475038141377
41 48 18.0 24.00601776472271
41 50 145.0 211.3802738969389
41 54 111.0 156.16543989443656
41 55 45.0 47.645677961263644
42 45 4.0 5.712672209342263
42 46 119.0 129.30532626201222
42 51 177.0 240.23063242788584
42 56 58.0 84.86542675130985
43 48 55.0 60.16268267293261
43 51 159.0 217.32315388079454
43 57 48.0 68.03132752943503
43 58 32.0 37.88784533378846
44 47 53.0 69.98159667590075
44 48 60.0 75.61038837541082
44 54 84.0 96.06011542228939
44 55 75.0 95.66997928714369
45 48 109.0 124.26654331340652
45 49 8.0 8.497900709810189
45 53 75.0 91.20153811225798
45 55 125.0 183.61201627172088
46 47 22.0 23.021320013290847
46 48 11.0 11.147050989038018
46 51 121.0 163.72604227619934
46 57 84.0 119.17357222547797
47 49 107.0 152.8608820010794
47 52 62.0 80.49566405567116
47 53 27.0 28.825055472963598
47 58 11.0 16.119768562148888
48 55 36.0 53.963788148505756
48 57 78.0 94.84958308596295
49 50 22.0 29.068054346031634
49 52 69.0 69.52371192128675
49 54 88.0 102.2776991828768
49 56 61.0 80.77874720642349
49 57 104.0 106.09498753739322
51 53 131.0 170.7451981075367
51 56 214.0 303.0979785671615
52 53 52.0 52.64232724510228
52 56 38.0 38.241745311595295
52 58 53.0 57.89736995029059
53 56 86.0 111.90293844069426
53 57 70.0 101.66702648871869
53 58 18.0 19.4959004280838
54 55 140.0 143.9369754840007
54 57 37.0 52.0827708061655
54 58 86.0 91.3747114760761
55 58 54.0 57.35869756418887
