59
144
80
23
49
43
30
33
35
29
53
25
42
19
46
5
39
31
6
47
8
57
15
22
54
41
20
5
16
58
8
40
32
0 1 146 191
0 2 145 180
0 3 181 265
0 4 77 77
0 5 147 161
0 6 76 109
0 7 100 146
0 8 195 273
0 9 151 153
0 10 49 64
0 11 84 92
0 12 64 95
0 13 114 123
0 14 29 40
0 16 135 186
0 17 32 35
0 18 64 88
0 19 88 90
0 20 18 21
0 21 153 208
0 22 145 203
0 24 188 262
0 25 37 48
0 26 219 235
0 27 44 57
0 28 24 28
0 29 57 84
0 30 144 183
0 31 38 44
0 32 74 105
0 33 57 61
0 34 58 66
0 35 126 178
0 36 144 151
0 37 189 193
0 38 69 84
0 39 140 201
0 40 144 203
0 41 151 158
0 42 44 64
0 43 84 103
0 44 85 93
0 45 40 52
0 46 149 206
0 47 127 128
0 48 138 186
0 49 40 57
0 50 19 26
0 51 220 236
0 52 71 103
0 53 106 117
0 54 72 104
0 55 160 198
0 56 42 60
0 57 101 137
0 58 116 151
1 2 35 44
1 3 40 51
1 5 40 50
1 6 148 220
1 7 51 74
1 8 67 89
1 9 30 39
1 10 109 156
1 11 99 136
1 13 33 42
1 14 165 235
1 15 65 80
1 16 52 74
1 17 154 181
1 18 92 104
1 19 74 97
1 21 20 20
1 22 50 67
1 23 113 113
1 24 43 62
1 25 139 177
1 26 86 94
1 27 120 178
1 28 139 191
1 29 88 97
1 30 71 85
1 31 108 146
1 32 78 101
1 33 95 138
1 34 102 106
1 35 57 85
1 36 46 56
1 37 47 58
1 38 87 106
1 39 27 39
1 40 47 59
1 41 47 67
1 42 108 124
1 43 71 85
1 45 111 158
1 47 42 62
1 48 33 33
1 49 116 165
1 50 134 139
1 51 91 116
1 52 95 95
1 53 43 43
1 54 130 164
1 55 14 19
1 56 129 137
1 57 106 106
1 58 45 47
2 3 69 70
2 4 69 87
2 5 5 6
2 6 129 155
2 7 45 62
2 8 100 112
2 9 66 71
2 10 100 147
2 11 79 84
2 12 97 116
2 13 52 62
2 14 158 166
2 15 43 46
2 16 19 22
2 17 160 214
2 18 104 137
2 19 60 76
2 20 162 187
2 21 20 20
2 22 15 21
2 23 119 157
2 24 66 87
2 25 147 186
2 26 115 129
2 27 110 130
2 28 132 176
2 29 89 128
2 30 36 42
2 31 110 119
2 32 71 78
2 33 104 126
2 34 113 154
2 35 28 39
2 36 81 106
2 37 74 79
2 38 99 105
2 39 10 11
2 40 12 15
2 41 12 15
2 42 114 170
2 44 67 90
2 45 116 148
2 46 4 4
2 47 18 23
2 48 7 9
2 49 123 169
2 50 137 160
2 51 122 153
2 52 81 98
2 53 41 42
2 54 111 150
2 56 119 152
2 58 29 38
3 4 120 176
3 6 189 265
3 7 91 115
3 8 31 37
3 9 33 46
3 10 149 181
3 11 140 146
3 12 152 214
3 13 67 86
3 14 203 274
3 15 105 113
3 17 185 237
3 18 122 137
3 19 115 115
3 21 49 50
3 22 84 109
3 23 146 210
3 24 13 13
3 25 169 209
3 26 46 48
3 27 160 217
3 28 177 202
3 29 125 148
3 30 105 129
3 31 143 148
3 32 118 162
3 33 127 143
3 36 49 54
3 37 7 8
3 38 117 138
3 39 63 69
3 40 81 84
3 41 78 81
3 42 140 143
3 43 111 125
3 44 97 135
3 46 69 69
3 47 81 86
3 48 70 86
3 49 148 200
3 50 168 177
3 51 52 56
3 52 135 186
3 53 83 89
3 54 170 172
3 55 34 43
3 56 169 218
3 58 86 94
4 5 71 95
4 6 70 70
4 7 29 33
4 8 141 161
4 9 96 128
4 10 31 42
4 11 27 30
4 12 32 35
4 13 57 85
4 14 89 99
4 15 31 34
4 16 58 74
4 17 97 139
4 18 57 78
4 19 11 13
4 20 94 100
4 21 81 104
4 22 68 73
4 23 60 84
4 25 88 101
4 26 164 165
4 27 41 53
4 28 63 94
4 29 30 32
4 30 68 85
4 31 47 59
4 33 53 72
4 34 64 88
4 35 49 60
4 36 98 117
4 37 127 143
4 39 66 67
4 40 67 67
4 41 74 99
4 42 57 83
4 43 9 12
4 44 33 48
4 45 57 58
4 46 73 82
4 48 63 82
4 49 65 81
4 53 37 38
4 54 52 69
4 55 91 136
4 56 50 71
4 57 45 53
4 58 40 48
5 7 48 56
5 8 104 107
5 9 71 76
5 10 102 110
5 11 79 108
5 12 97 99
5 13 57 73
5 15 43 56
5 16 17 24
5 18 107 117
5 19 61 72
5 20 164 236
5 21 24 33
5 22 10 13
5 23 122 138
5 24 69 71
5 25 151 208
5 26 119 136
5 27 111 149
5 29 92 97
5 30 31 43
5 31 113 144
5 32 73 85
5 33 108 145
5 34 117 147
5 35 27 38
5 36 86 91
5 37 77 85
5 38 103 122
5 39 15 20
5 40 8 9
5 41 7 9
5 43 63 72
5 44 71 72
5 45 119 145
5 46 4 5
5 47 20 20
5 48 11 12
5 49 126 130
5 50 140 192
5 51 126 139
5 52 82 91
5 53 44 65
5 54 111 111
5 55 39 58
5 56 120 138
5 57 80 88
6 7 98 126
6 8 212 261
6 9 167 208
6 14 61 64
6 15 86 116
6 16 112 161
6 17 109 132
6 18 109 143
6 19 74 109
6 20 92 136
6 21 146 200
6 22 121 127
6 23 95 139
6 24 190 284
6 25 110 122
6 26 234 308
6 27 43 61
6 28 53 68
6 29 83 86
6 30 109 156
6 31 81 92
6 32 74 99
6 33 101 129
6 34 110 158
6 35 101 128
6 36 169 228
6 37 195 197
6 39 130 162
6 40 122 178
6 41 128 138
6 43 79 110
6 44 102 129
6 45 93 120
6 46 132 160
6 47 112 113
6 48 125 138
6 49 99 140
6 51 238 245
6 52 54 71
6 53 106 132
6 54 18 24
6 55 158 229
6 56 38 54
6 57 51 57
6 58 104 110
7 9 69 69
7 10 59 83
7 11 50 57
7 12 61 76
7 13 32 46
7 14 116 139
7 15 26 28
7 16 40 54
7 17 115 127
7 18 61 76
7 19 24 24
7 20 117 150
7 21 53 53
7 22 49 61
7 23 74 84
7 24 94 95
7 25 103 110
7 26 135 142
7 27 70 100
7 29 44 53
7 30 57 71
7 31 65 90
7 33 60 72
7 34 70 71
7 35 35 50
7 37 98 131
7 38 58 61
7 39 39 42
7 40 47 59
7 41 53 72
7 42 70 101
7 43 20 26
7 44 25 33
7 45 71 74
7 46 49 51
7 47 28 31
7 48 38 48
7 49 78 78
7 50 92 93
7 51 139 207
7 52 44 58
7 53 8 11
7 54 80 102
7 55 62 87
7 57 62 69
7 58 17 19
8 9 45 53
8 10 168 204
8 11 164 173
8 12 174 251
8 13 85 100
8 14 219 269
8 16 118 139
8 17 193 260
8 18 132 152
8 20 206 253
8 21 79 92
8 22 114 147
8 23 157 198
8 24 41 58
8 25 176 230
8 26 25 25
8 27 179 194
8 28 194 194
8 29 141 146
8 31 157 202
8 32 138 203
8 33 138 153
8 34 140 154
8 35 124 173
8 36 51 60
8 37 31 33
8 38 126 164
8 39 93 132
8 40 111 133
8 41 109 159
8 42 151 173
8 43 133 172
8 44 114 116
8 45 155 208
8 46 99 100
8 47 109 129
8 48 99 113
8 49 157 176
8 50 179 242
8 51 26 35
8 52 157 190
8 53 105 143
8 54 194 218
8 57 173 211
8 58 112 140
9 10 123 158
9 11 120 143
9 12 129 190
9 13 39 39
9 14 174 199
9 15 90 124
9 16 82 91
9 18 90 131
9 19 94 109
9 20 163 193
9 21 50 64
9 22 81 120
9 23 114 150
9 24 44 57
9 25 136 177
9 26 69 92
9 28 149 152
9 30 101 137
9 31 113 120
9 32 93 106
9 33 95 102
9 34 99 125
9 35 86 101
9 36 18 25
9 37 41 42
9 38 84 84
9 39 57 84
9 40 78 80
9 41 78 88
9 42 108 112
9 43 88 118
9 44 69 90
9 45 112 149
9 46 68 96
9 47 70 77
9 48 63 69
9 49 115 120
9 51 71 98
9 52 112 127
9 53 61 75
9 54 149 210
9 55 38 48
9 56 142 210
9 57 131 192
9 58 71 100
10 11 35 52
10 12 18 18
10 13 83 112
10 14 58 65
10 15 60 70
10 16 88 110
10 18 59 75
10 19 40 41
10 20 68 90
10 21 112 151
10 22 98 116
10 24 152 201
10 25 71 98
10 26 191 284
10 27 11 12
10 28 32 37
10 29 32 36
10 30 95 108
10 31 33 34
10 32 31 41
10 33 51 56
10 34 60 65
10 35 78 79
10 36 121 177
10 37 156 166
10 38 60 87
10 39 97 101
10 40 97 119
10 41 104 122
10 42 48 50
10 43 39 46
10 44 54 66
10 45 45 59
10 46 104 134
10 47 82 108
10 48 94 103
10 49 53 66
10 50 51 51
10 51 194 252
10 52 22 31
10 54 36 50
10 55 122 177
10 57 52 67
10 58 71 99
11 12 21 26
11 13 82 86
11 14 87 97
11 15 36 36
11 16 63 79
11 17 111 131
11 19 25 36
11 20 102 143
11 21 96 114
11 22 73 73
11 23 80 96
11 24 140 192
11 25 105 157
11 26 185 206
11 27 40 57
11 28 64 65
11 29 53 78
11 30 64 67
11 31 65 92
11 32 33 44
11 33 77 85
11 34 87 124
11 36 124 126
11 37 146 174
11 38 82 113
11 39 80 89
11 41 80 87
11 42 78 113
11 43 33 39
11 44 61 81
11 45 77 114
11 46 83 115
11 47 62 74
11 49 85 100
11 50 86 127
11 51 190 257
11 53 58 81
11 54 32 42
11 55 108 128
11 56 45 54
11 57 19 20
11 58 54 55
12 13 90 104
12 14 65 87
12 15 54 72
12 16 82 97
12 17 93 131
12 18 75 83
12 19 38 46
12 20 82 97
12 21 111 130
12 22 92 100
12 23 66 70
12 24 155 168
12 25 89 110
12 26 196 275
12 27 19 19
12 28 43 50
12 29 47 58
12 31 51 66
12 32 36 37
12 33 68 82
12 34 78 83
12 36 130 173
12 37 159 200
12 38 76 86
12 39 96 138
12 40 92 125
12 41 99 106
12 42 66 73
12 43 41 57
12 44 64 78
12 45 64 95
12 46 100 121
12 48 91 121
12 49 71 79
12 50 69 86
12 51 200 217
12 52 17 19
12 53 69 78
12 54 20 23
12 55 123 158
12 56 24 26
12 57 36 40
12 58 69 100
13 14 136 160
13 15 57 76
13 16 59 71
13 17 120 141
13 18 59 86
13 19 56 77
13 20 128 159
13 21 48 51
13 22 64 92
13 23 80 99
13 24 73 103
13 25 106 153
13 26 108 148
13 27 94 102
13 28 110 136
13 29 57 84
13 30 79 84
13 31 76 86
13 33 62 63
13 34 68 70
13 35 59 72
13 36 42 60
13 37 74 95
13 38 53 77
13 39 42 55
13 40 61 75
13 41 64 73
13 42 75 84
13 43 49 70
13 44 30 43
13 46 56 56
13 47 45 51
13 48 46 66
13 50 102 146
13 51 111 129
13 52 73 87
13 53 25 32
13 55 48 66
13 56 103 129
13 57 95 131
13 58 40 48
14 15 117 156
14 16 146 159
14 18 91 131
14 19 98 140
14 20 35 46
14 21 170 207
14 22 156 190
14 23 67 98
14 24 208 283
14 25 66 87
14 26 243 338
14 27 48 70
14 28 26 29
14 29 78 105
14 30 151 221
14 31 62 78
14 32 88 124
14 33 83 112
14 34 86 117
14 35 136 194
14 36 169 244
14 37 210 297
14 38 95 110
14 39 155 200
14 40 155 175
14 41 162 174
14 42 71 86
14 43 97 101
14 44 105 153
14 46 162 234
14 47 140 143
14 48 152 192
14 49 69 83
14 50 48 66
14 51 245 284
14 52 78 87
14 53 123 178
14 54 64 67
14 56 41 43
14 57 99 104
14 58 129 178
15 16 28 38
15 17 128 139
15 18 82 87
15 20 126 176
15 21 60 79
15 22 38 38
15 23 90 91
15 24 105 157
15 25 118 140
15 26 151 163
15 27 69 93
15 28 92 118
15 29 59 85
15 31 77 85
15 32 35 46
15 33 80 103
15 35 18 21
15 36 98 110
15 37 111 126
15 38 80 119
15 39 44 54
15 40 38 41
15 42 86 127
15 43 26 33
15 44 49 49
15 45 87 88
15 46 47 59
15 47 26 34
15 48 39 53
15 49 95 95
15 50 104 131
15 51 157 235
15 52 38 41
15 53 31 34
15 54 68 75
15 55 73 106
15 56 76 107
15 57 41 51
16 17 154 155
16 19 47 68
16 20 153 170
16 22 10 14
16 24 85 87
16 25 142 168
16 26 134 143
16 27 97 126
16 28 120 138
16 30 20 25
16 31 103 138
16 32 61 75
16 33 101 142
16 34 111 128
16 35 10 10
16 36 94 131
16 37 93 135
16 39 25 32
16 40 10 14
16 41 16 23
16 42 110 149
16 43 51 68
16 44 66 97
16 45 111 152
16 46 21 26
16 48 19 25
16 49 118 155
16 50 130 194
16 51 141 158
16 53 40 43
16 54 95 123
16 55 54 60
16 56 105 135
16 57 63 84
16 58 23 23
17 18 62 71
17 19 109 130
17 20 23 23
17 21 165 243
17 22 163 166
17 23 41 44
17 24 193 229
17 25 16 22
17 26 218 312
17 27 74 109
17 28 56 69
17 29 71 77
17 30 166 208
17 31 51 71
17 32 93 99
17 33 58 63
17 34 53 72
17 35 146 188
17 36 141 187
17 38 67 94
17 39 154 209
17 40 162 217
17 41 168 229
17 42 46 49
17 44 94 101
17 45 43 51
17 46 164 201
17 47 144 178
17 48 153 221
17 49 38 56
17 50 24 24
17 51 217 229
17 52 96 142
17 53 119 126
17 54 104 149
17 55 168 183
17 56 74 83
17 58 132 184
18 19 67 71
18 20 73 75
18 21 105 140
18 23 25 25
18 24 131 180
18 25 47 65
18 26 157 199
18 27 66 67
18 28 69 90
18 29 29 42
18 30 118 130
18 32 51 75
18 33 8 11
18 34 9 11
18 35 96 96
18 36 80 99
18 37 130 138
18 38 5 6
18 39 96 114
18 40 108 130
18 42 20 20
18 43 58 84
18 44 36 46
18 46 108 156
18 47 89 125
18 48 96 113
18 49 25 27
18 51 157 158
18 52 67 68
18 54 95 96
18 55 107 158
18 56 73 79
18 57 101 150
19 20 106 146
19 21 73 98
19 22 58 67
19 23 71 71
19 24 117 126
19 25 99 135
19 26 160 239
19 27 50 67
19 28 73 73
19 29 41 46
19 30 57 63
19 32 16 22
19 33 63 68
19 34 74 90
19 35 38 46
19 36 98 143
19 37 121 141
19 38 65 65
19 40 57 80
19 41 63 75
19 42 68 97
19 43 9 12
19 44 38 44
19 45 68 91
19 47 41 53
19 48 54 63
19 49 76 79
19 50 84 88
19 51 164 236
19 52 21 25
19 53 32 44
19 54 55 67
19 55 85 123
19 57 39 40
19 58 31 36
20 21 169 196
20 22 163 233
20 23 49 57
20 24 202 222
20 26 231 236
20 27 63 88
20 28 41 42
20 29 73 103
20 30 162 192
20 32 91 105
20 33 67 73
20 36 154 221
20 37 202 263
20 38 79 100
20 39 157 187
20 41 168 204
20 42 54 62
20 43 101 128
20 44 99 102
20 45 50 57
20 46 166 184
20 47 144 214
20 48 155 181
20 49 48 56
20 50 26 33
20 52 90 112
20 53 122 125
20 54 89 105
20 55 175 188
20 56 60 63
20 57 119 125
20 58 133 174
21 22 34 40
21 23 124 132
21 24 46 61
21 25 151 220
21 26 95 119
21 27 123 130
21 28 143 149
21 30 55 71
21 31 117 158
21 32 81 109
21 33 107 131
21 35 47 62
21 37 54 59
21 38 100 116
21 39 16 22
21 40 32 46
21 41 29 35
21 42 119 166
21 43 72 101
21 44 71 74
21 45 121 138
21 46 19 23
21 47 34 36
21 48 21 23
21 49 127 189
21 50 144 148
21 51 102 140
21 52 95 127
21 53 47 47
21 54 128 146
21 55 15 20
21 57 100 128
22 24 79 102
22 25 151 176
22 27 108 137
22 29 92 136
22 30 21 24
22 31 112 119
22 32 71 71
22 34 119 128
22 35 20 29
22 36 95 134
22 37 88 125
22 38 106 138
22 39 24 25
22 41 7 7
22 42 119 172
22 44 73 105
22 45 120 157
22 46 15 19
22 47 20 28
22 48 18 20
22 49 127 157
22 53 47 51
22 54 105 135
22 55 50 63
22 56 115 126
22 57 72 97
23 24 153 209
23 25 28 37
23 26 181 186
23 27 52 69
23 28 48 64
23 29 31 42
23 30 127 171
23 31 15 15
23 32 55 58
23 33 18 20
23 34 18 21
23 36 105 105
23 37 153 199
23 38 30 34
23 39 113 162
23 40 121 168
23 41 127 166
23 43 64 71
23 44 53 53
23 45 3 3
23 46 123 137
23 47 103 117
23 48 112 162
23 49 5 5
23 50 22 30
23 51 182 182
23 52 64 79
23 53 78 88
23 54 83 93
23 55 128 152
23 56 56 80
23 57 99 102
23 58 92 116
24 25 178 200
24 26 50 74
24 27 163 196
24 28 182 206
24 29 131 160
24 30 100 141
24 31 150 192
24 32 121 170
24 33 135 146
24 34 140 153
24 35 93 126
24 36 61 84
24 37 10 12
24 38 125 146
24 39 62 69
24 40 77 80
24 41 73 77
24 42 148 189
24 43 114 141
24 45 151 181
24 46 64 85
24 47 80 100
24 48 68 99
24 49 156 214
24 50 175 186
24 51 58 74
24 52 138 142
24 53 86 119
24 54 172 237
24 55 32 47
24 56 172 253
24 57 146 163
24 58 86 100
25 26 201 235
25 27 71 104
25 28 58 65
25 29 59 81
25 32 83 115
25 33 43 60
25 34 37 53
25 35 135 193
25 36 125 154
25 37 177 261
25 38 52 63
25 41 156 180
25 42 32 39
25 43 92 126
25 44 80 107
25 45 31 40
25 46 151 193
25 47 131 184
25 48 140 154
25 49 24 31
25 50 21 22
25 51 201 266
25 52 89 98
25 53 106 114
25 54 102 125
25 55 154 210
25 56 73 98
25 57 123 127
25 58 120 123
26 27 202 295
26 28 218 272
26 29 165 197
26 30 150 179
26 31 181 213
26 32 161 241
26 34 165 205
26 36 76 77
26 37 41 41
26 38 151 154
26 39 110 142
26 40 127 184
26 41 123 161
26 42 176 218
26 43 155 212
26 44 138 171
26 45 180 212
26 46 114 116
26 47 127 144
26 48 116 129
26 49 182 182
26 50 204 216
26 51 10 13
26 53 127 145
26 54 215 245
26 55 80 103
26 56 211 226
26 57 193 234
27 28 24 33
27 29 41 44
27 30 103 142
27 31 38 45
27 32 42 47
27 33 58 64
27 35 87 109
27 36 132 162
27 38 68 96
27 39 108 151
27 40 107 108
27 41 114 137
27 42 53 58
27 43 50 74
27 44 65 89
27 45 50 60
27 46 114 123
27 47 92 123
27 48 104 118
27 49 56 76
27 50 51 76
27 51 205 273
27 53 77 103
27 54 31 39
27 55 132 175
27 56 9 9
27 57 56 68
27 58 81 118
28 29 53 62
28 30 127 181
28 31 39 48
28 32 62 75
28 33 61 79
28 34 66 68
28 37 184 260
28 39 129 148
28 40 130 182
28 41 137 159
28 42 51 59
28 44 80 93
28 45 47 68
28 46 136 168
28 47 114 132
28 48 126 170
28 49 51 71
28 50 37 54
28 51 220 237
28 52 53 63
28 53 97 111
28 54 48 58
28 55 152 202
28 56 19 25
28 57 79 104
28 58 103 110
29 30 96 121
29 31 20 20
29 32 24 24
29 34 34 41
29 35 75 97
29 36 92 121
29 37 132 158
29 38 29 29
29 39 84 96
29 40 91 106
29 41 97 144
29 44 27 28
29 45 28 37
29 46 94 111
29 47 73 90
29 48 82 84
29 50 48 71
29 51 167 174
29 52 37 39
29 53 49 66
29 54 67 87
29 55 102 135
29 56 49 50
29 57 72 74
29 58 61 75
30 31 115 165
30 32 72 96
30 34 127 144
30 35 22 29
30 36 114 144
30 37 109 152
30 38 115 138
30 39 44 64
30 40 24 25
30 41 26 33
30 42 124 133
30 44 83 86
30 45 124 165
30 46 36 36
30 47 33 48
30 48 38 55
30 49 132 160
30 52 73 96
30 53 59 65
30 54 94 136
30 55 71 77
30 56 110 114
30 57 58 60
30 58 41 43
31 32 42 56
31 33 22 25
31 34 29 36
31 35 95 124
31 36 107 117
31 37 151 184
31 39 104 152
31 40 111 146
31 41 117 131
31 42 14 17
31 43 52 53
31 44 47 58
31 45 12 12
31 46 114 134
31 48 103 152
31 49 20 20
31 50 27 28
31 51 183 241
31 53 70 92
31 54 68 91
31 55 122 133
31 56 43 45
31 57 84 123
31 58 82 93
32 33 47 58
32 34 58 67
32 35 52 76
32 36 94 140
32 37 125 140
32 38 50 57
32 39 67 87
32 41 76 112
32 43 9 10
32 44 28 37
32 45 52 64
32 46 75 94
32 47 53 78
32 48 64 94
32 49 60 78
32 51 164 212
32 52 20 20
32 53 35 38
32 54 56 62
32 55 90 108
32 56 51 66
32 57 51 65
32 58 41 57
33 34 11 15
33 35 94 123
33 36 87 112
33 38 12 12
33 39 97 130
33 40 107 159
33 41 113 158
33 42 13 15
33 45 17 22
33 46 108 129
33 48 97 124
33 49 20 26
33 50 41 49
33 51 163 205
33 52 61 87
33 53 63 92
33 54 87 105
33 55 110 158
33 56 65 82
33 57 96 117
33 58 78 106
34 35 105 138
34 36 89 94
34 38 15 20
34 39 106 149
34 40 117 119
34 41 123 124
34 42 15 18
34 43 65 73
34 44 46 61
34 45 19 27
34 46 117 152
34 47 99 126
34 48 106 123
34 49 18 23
34 50 40 50
34 51 165 197
34 52 71 89
34 53 72 84
34 54 96 97
34 55 117 137
34 56 72 106
34 58 88 111
35 36 97 98
35 37 101 126
35 38 93 121
35 39 32 38
35 40 20 25
35 41 27 40
35 42 102 139
35 43 43 53
35 45 103 130
35 46 31 39
35 47 15 20
35 48 26 36
35 49 111 131
35 50 122 150
35 51 148 176
35 52 57 66
35 53 37 54
35 55 62 77
35 56 95 137
35 58 19 19
36 37 56 73
36 38 75 89
36 39 71 89
36 40 92 120
36 41 93 122
36 42 100 101
36 43 91 92
36 44 67 87
36 45 104 118
36 46 83 101
36 47 82 105
36 48 77 98
36 49 106 153
36 50 128 191
36 51 76 88
36 52 114 116
36 53 67 83
36 54 151 176
36 55 56 62
36 56 141 201
36 57 137 198
36 58 80 102
37 38 124 138
37 39 69 95
37 40 85 87
37 41 82 105
37 42 148 168
37 43 118 122
37 44 104 139
37 46 73 82
37 47 86 102
37 48 75 100
37 49 155 199
37 50 175 223
37 51 48 61
37 52 142 185
37 53 90 124
37 54 177 185
37 55 39 55
37 56 176 239
37 57 152 183
37 58 92 96
38 39 91 98
38 40 104 134
38 42 25 28
38 43 56 73
38 45 29 32
38 46 103 142
38 47 86 100
38 49 31 35
38 50 52 62
38 51 152 198
38 52 67 75
38 53 59 84
38 54 96 102
38 55 102 151
38 56 76 107
38 58 75 96
39 40 21 21
39 41 22 23
39 42 108 127
39 43 57 72
39 44 60 78
39 45 110 152
39 47 18 23
39 48 6 7
39 49 116 143
39 50 132 174
39 51 116 166
39 52 79 101
39 53 34 46
39 54 112 158
39 55 30 42
39 56 116 168
39 57 84 115
40 41 6 6
40 42 117 166
40 43 60 76
40 44 71 89
40 45 118 118
40 47 18 21
40 48 15 22
40 49 125 146
40 50 138 175
40 52 77 108
40 53 45 52
40 54 105 144
40 55 47 52
40 56 115 158
40 58 29 34
41 42 123 163
41 43 66 71
41 44 76 79
41 45 124 145
41 46 10 14
41 47 24 31
41 48 18 19
41 49 131 193
41 50 145 214
41 51 131 140
41 52 84 106
41 53 50 66
41 54 111 141
41 55 45 57
41 56 122 157
41 57 79 103
41 58 35 45
42 43 60 67
42 44 48 67
42 45 4 5
42 47 99 115
42 48 107 122
42 49 8 11
42 50 27 35
42 51 177 250
42 52 62 75
42 53 73 94
42 54 83 114
42 55 122 158
42 56 58 64
42 57 97 141
42 58 87 111
43 44 29 43
43 45 61 66
43 46 65 73
43 47 43 46
43 48 55 69
43 49 69 74
43 50 79 89
43 51 159 176
43 52 24 34
43 53 28 39
43 54 60 62
43 56 59 77
43 57 48 59
43 58 32 40
44 45 50 65
44 46 71 103
44 47 53 53
44 48 60 64
44 49 56 57
44 50 73 91
44 51 140 192
44 52 49 70
44 53 26 30
44 54 84 98
44 55 75 92
44 56 74 100
44 57 77 106
45 46 121 159
45 47 100 126
45 48 109 119
45 49 8 11
45 50 24 35
45 51 181 201
45 52 61 75
45 53 75 110
45 54 81 120
45 56 55 59
45 57 96 138
46 47 22 31
46 48 11 14
46 49 127 148
46 50 142 158
46 51 121 149
46 52 85 125
46 53 45 53
46 54 115 138
46 55 35 48
46 56 122 133
46 57 84 96
47 48 13 19
47 49 107 133
47 50 120 143
47 51 133 188
47 52 62 91
47 53 27 35
47 55 48 71
47 56 100 111
47 57 65 74
47 58 11 14
48 49 116 123
48 50 130 167
48 51 122 158
48 52 75 92
48 53 34 50
48 55 36 47
48 56 113 121
48 57 78 113
48 58 22 24
49 51 183 269
49 52 69 71
49 53 82 111
49 54 88 100
49 55 130 145
49 56 61 80
49 57 104 152
49 58 96 134
50 51 204 213
50 52 72 83
50 53 97 127
50 54 81 111
50 55 149 162
50 56 51 57
50 57 104 155
50 58 109 142
51 52 183 253
51 53 131 192
51 54 219 290
51 55 86 104
51 56 214 235
51 57 198 231
51 58 137 190
52 53 52 73
52 54 36 52
52 55 106 117
52 56 38 55
52 57 35 39
52 58 53 76
53 54 88 117
53 55 55 60
53 56 86 116
53 57 70 83
53 58 18 22
54 55 140 165
54 56 30 35
54 57 37 47
54 58 86 126
55 56 141 168
55 57 114 114
56 57 60 67
56 58 90 98
57 58 60 76
