59
99
80
23
10
26
35
41
42
25
11
2
37
52
19
5
36
48
6
14
0
17
24
3
46
12
39
47
34
57
53
29
4
56
33
2
26
5
22
42
11
41
40
9
7
28
46
13
1
0
43
55
54
50
18
58
37
8
27
6
23
16
47
24
35
20
3
48
10
31
52
51
44
32
21
0 1 146 203
0 2 145 199
0 3 181 244
0 4 77 93
0 5 147 147
0 6 76 90
0 7 100 119
0 8 195 278
0 10 49 70
0 11 84 84
0 12 64 73
0 13 114 168
0 14 29 34
0 15 108 153
0 16 135 146
0 17 32 32
0 18 64 71
0 19 88 111
0 21 153 163
0 22 145 146
0 23 39 39
0 24 188 259
0 25 37 47
0 26 219 319
0 27 44 49
0 28 24 31
0 29 57 69
0 31 38 44
0 32 74 91
0 33 57 78
0 34 58 73
0 35 126 131
0 36 144 182
0 37 189 272
0 38 69 81
0 39 140 179
0 40 144 167
0 41 151 180
0 42 44 51
0 44 85 114
0 45 40 50
0 46 149 216
0 48 138 206
0 49 40 59
0 50 19 25
0 51 220 296
0 52 71 82
0 53 106 149
0 54 72 103
0 55 160 207
0 56 42 48
0 57 101 130
0 58 116 167
1 2 35 35
1 3 40 40
1 4 80 109
1 5 40 42
1 6 148 150
1 7 51 57
1 8 67 87
1 9 30 42
1 10 109 162
1 11 99 144
1 13 33 47
1 14 165 165
1 15 65 89
1 16 52 73
1 17 154 217
1 18 92 103
1 19 74 109
1 20 161 214
1 21 20 20
1 22 50 64
1 24 43 43
1 25 139 198
1 26 86 104
1 27 120 120
1 28 139 187
1 29 88 129
1 30 71 97
1 31 108 142
1 32 78 102
1 33 95 112
1 34 102 142
1 35 57 68
1 36 46 47
1 37 47 53
1 38 87 107
1 40 47 52
1 41 47 53
1 42 108 138
1 43 71 104
1 45 111 134
1 46 37 41
1 47 42 51
1 48 33 37
1 49 116 137
1 51 91 100
1 52 95 96
1 53 43 46
1 54 130 145
1 55 14 17
1 56 129 184
1 57 106 132
1 58 45 51
2 3 69 83
2 4 69 101
2 5 5 6
2 6 129 159
2 7 45 60
2 8 100 122
2 10 100 146
2 11 79 82
2 13 52 77
2 14 158 174
2 15 43 61
2 16 19 21
2 17 160 239
2 18 104 127
2 19 60 76
2 20 162 211
2 22 15 15
2 23 119 119
2 24 66 81
2 25 147 209
2 26 115 160
2 28 132 165
2 29 89 126
2 30 36 38
2 31 110 129
2 32 71 104
2 33 104 129
2 34 113 136
2 35 28 37
2 36 81 111
2 37 74 98
2 38 99 148
2 39 10 14
2 41 12 12
2 42 114 130
2 43 61 84
2 44 67 98
2 45 116 135
2 47 18 23
2 48 7 8
2 49 123 123
2 50 137 170
2 51 122 164
2 52 81 107
2 53 41 61
2 55 35 39
2 56 119 164
2 57 81 120
2 58 29 36
3 4 120 120
3 5 73 95
3 6 189 214
3 7 91 118
3 9 33 41
3 10 149 161
3 12 152 204
3 14 203 271
3 15 105 135
3 16 88 126
3 17 185 220
3 18 122 141
3 19 115 169
3 20 195 264
3 21 49 60
3 22 84 107
3 23 146 184
3 24 13 15
3 25 169 218
3 26 46 59
3 27 160 234
3 28 177 231
3 29 125 129
3 30 105 156
3 31 143 206
3 32 118 138
3 33 127 162
3 34 131 174
3 35 96 108
3 36 49 69
3 37 7 9
3 38 117 141
3 40 81 82
3 41 78 112
3 43 111 141
3 44 97 130
3 45 144 168
3 46 69 82
3 47 81 97
3 48 70 98
3 49 148 188
3 50 168 211
3 52 135 145
3 53 83 91
3 54 170 206
3 55 34 47
3 56 169 232
3 57 147 216
3 58 86 86
4 6 70 102
4 7 29 31
4 8 141 156
4 9 96 117
4 10 31 43
4 11 27 28
4 12 32 44
4 13 57 84
4 14 89 96
4 15 31 37
4 16 58 64
4 18 57 64
4 19 11 11
4 20 94 127
4 22 68 84
4 23 60 64
4 24 123 168
4 25 88 106
4 26 164 186
4 27 41 43
4 28 63 72
4 29 30 44
4 30 68 76
4 31 47 65
4 32 6 7
4 33 53 62
4 34 64 92
4 35 49 52
4 36 98 139
4 37 127 172
4 38 56 68
4 39 66 72
4 40 67 93
4 41 74 78
4 42 57 84
4 43 9 11
4 44 33 43
4 45 57 85
4 47 51 55
4 48 63 85
4 49 65 76
4 50 73 106
4 51 167 182
4 52 16 22
4 53 37 52
4 54 52 54
4 55 91 129
4 56 50 64
4 58 40 54
5 6 128 137
5 7 48 52
5 9 71 75
5 10 102 102
5 11 79 97
5 12 97 136
5 13 57 62
5 14 160 171
5 15 43 55
5 16 17 22
5 17 163 178
5 18 107 129
5 19 61 86
5 21 24 28
5 22 10 12
5 23 122 165
5 24 69 101
5 25 151 196
5 26 119 169
5 27 111 142
5 28 134 171
5 29 92 113
5 30 31 40
5 31 113 127
5 32 73 94
5 33 108 138
5 34 117 137
5 35 27 33
5 36 86 95
5 37 77 100
5 38 103 106
5 39 15 16
5 40 8 8
5 41 7 10
5 42 118 120
5 43 63 79
5 46 4 4
5 47 20 22
5 48 11 15
5 49 126 176
5 50 140 173
5 51 126 166
5 52 82 95
5 54 111 126
5 55 39 51
5 56 120 169
5 57 80 104
6 9 167 187
6 10 50 63
6 11 50 59
6 12 38 56
6 15 86 115
6 16 112 162
6 17 109 132
6 19 74 100
6 20 92 92
6 21 146 161
6 23 95 109
6 24 190 209
6 25 110 111
6 26 234 326
6 27 43 58
6 28 53 56
6 30 109 137
6 32 74 97
6 33 101 139
6 34 110 133
6 35 101 146
6 36 169 242
6 37 195 212
6 38 111 158
6 39 130 190
6 40 122 129
6 41 128 162
6 42 96 113
6 43 79 108
6 44 102 129
6 45 93 116
6 46 132 158
6 47 112 132
6 48 125 175
6 50 89 94
6 51 238 338
6 52 54 74
6 53 106 125
6 54 18 25
6 55 158 187
6 56 38 56
6 58 104 151
7 8 114 128
7 9 69 81
7 10 59 70
7 11 50 63
7 12 61 87
7 13 32 33
7 14 116 173
7 15 26 31
7 16 40 58
7 18 61 63
7 19 24 28
7 20 117 117
7 21 53 64
7 22 49 58
7 23 74 86
7 24 94 103
7 25 103 145
7 26 135 194
7 27 70 89
7 28 90 101
7 29 44 48
7 30 57 58
7 31 65 74
7 32 27 34
7 34 70 90
7 35 35 42
7 36 74 108
7 37 98 120
7 38 58 70
7 39 39 49
7 40 47 56
7 41 53 73
7 42 70 87
7 43 20 22
7 44 25 33
7 45 71 82
7 46 49 61
7 47 28 38
7 49 78 88
7 50 92 105
7 51 139 181
7 52 44 44
7 53 8 8
7 54 80 95
7 55 62 67
7 56 78 88
7 57 62 65
7 58 17 18
8 9 45 56
8 10 168 226
8 11 164 193
8 13 85 98
8 15 132 168
8 16 118 163
8 17 193 261
8 18 132 157
8 19 138 151
8 20 206 248
8 21 79 96
8 22 114 162
8 23 157 185
8 24 41 58
8 26 25 32
8 27 179 179
8 28 194 210
8 29 141 150
8 30 135 200
8 31 157 163
8 32 138 141
8 33 138 154
8 34 140 207
8 35 124 127
8 36 51 51
8 37 31 46
8 38 126 170
8 39 93 109
8 40 111 121
8 41 109 149
8 42 151 185
8 43 133 166
8 44 114 154
8 45 155 172
8 46 99 108
8 47 109 110
8 48 99 129
8 49 157 200
8 50 179 261
8 52 157 227
8 53 105 122
8 54 194 226
8 55 64 66
8 56 188 276
8 58 112 142
9 10 123 128
9 11 120 146
9 12 129 185
9 13 39 50
9 14 174 222
9 15 90 111
9 16 82 106
9 17 152 218
9 18 90 105
9 19 94 115
9 21 50 62
9 22 81 82
9 23 114 139
9 24 44 46
9 25 136 198
9 26 69 84
9 27 133 174
9 28 149 177
9 29 96 112
9 30 101 124
9 31 113 132
9 32 93 109
9 33 95 98
9 34 99 140
9 35 86 118
9 36 18 18
9 37 41 52
9 38 84 96
9 39 57 76
9 40 78 113
9 41 78 98
9 42 108 125
9 43 88 109
9 44 69 92
9 45 112 126
9 46 68 87
9 47 70 90
9 48 63 88
9 49 115 161
9 50 136 154
9 51 71 88
9 52 112 118
9 53 61 75
9 54 149 176
9 55 38 38
9 56 142 160
9 57 131 141
9 58 71 78
10 11 35 40
10 13 83 100
10 14 58 64
10 15 60 88
10 16 88 127
10 17 76 80
10 19 40 56
10 20 68 74
10 21 112 164
10 22 98 143
10 23 48 52
10 24 152 171
10 25 71 86
10 27 11 16
10 28 32 47
10 29 32 38
10 30 95 142
10 31 33 41
10 32 31 31
10 33 51 53
10 34 60 83
10 37 156 226
10 38 60 74
10 40 97 117
10 41 104 140
10 42 48 65
10 43 39 49
10 44 54 64
10 45 45 54
10 46 104 111
10 47 82 94
10 48 94 101
10 49 53 74
10 50 51 64
10 53 66 66
10 55 122 168
10 56 20 23
10 57 52 71
10 58 71 103
11 12 21 28
11 13 82 94
11 14 87 87
11 15 36 52
11 16 63 93
11 17 111 154
11 18 82 84
11 19 25 36
11 20 102 132
11 21 96 142
11 23 80 110
11 24 140 141
11 25 105 141
11 26 185 218
11 27 40 58
11 28 64 90
11 29 53 77
11 30 64 95
11 31 65 81
11 32 33 35
11 33 77 85
11 34 87 96
11 35 52 66
11 36 124 154
11 37 146 157
11 38 82 107
11 39 80 117
11 40 73 97
11 41 80 118
11 42 78 94
11 43 33 40
11 44 61 81
11 45 77 98
11 46 83 88
11 47 62 82
11 48 75 94
11 49 85 97
11 50 86 104
11 52 16 23
11 53 58 86
11 54 32 47
11 55 108 147
11 56 45 46
11 57 19 25
11 58 54 66
12 13 90 122
12 15 54 63
12 16 82 113
12 17 93 138
12 19 38 42
12 20 82 119
12 21 111 118
12 22 92 101
12 23 66 86
12 24 155 165
12 25 89 90
12 26 196 212
12 27 19 19
12 28 43 43
12 29 47 70
12 30 85 127
12 32 36 49
12 33 68 72
12 34 78 78
12 35 72 107
12 36 130 154
12 37 159 223
12 38 76 109
12 40 92 120
12 41 99 108
12 42 66 91
12 43 41 49
12 44 64 71
12 45 64 66
12 46 100 117
12 47 79 79
12 48 91 126
12 49 71 88
12 50 69 72
12 51 200 226
12 52 17 23
12 53 69 103
12 54 20 25
12 56 24 26
12 57 36 50
12 58 69 95
13 14 136 176
13 15 57 58
13 16 59 82
13 17 120 122
13 18 59 81
13 19 56 70
13 20 128 135
13 21 48 66
13 22 64 68
13 23 80 80
13 24 73 75
13 25 106 144
13 26 108 130
13 27 94 137
13 28 110 141
13 29 57 66
13 30 79 99
13 31 76 101
13 32 53 65
13 33 62 75
13 35 59 83
13 36 42 49
13 38 53 70
13 39 42 48
13 40 61 79
13 42 75 99
13 43 49 67
13 45 78 85
13 46 56 66
13 47 45 54
13 48 46 66
13 49 83 87
13 51 111 132
13 52 73 76
13 53 25 25
13 54 110 141
13 55 48 59
13 56 103 106
13 57 95 114
13 58 40 45
14 15 117 172
14 16 146 156
14 17 58 58
14 18 91 121
14 19 98 132
14 20 35 44
14 21 170 203
14 22 156 208
14 23 67 72
14 24 208 234
14 25 66 95
14 26 243 353
14 27 48 51
14 28 26 31
14 29 78 96
14 30 151 202
14 31 62 77
14 32 88 108
14 33 83 83
14 34 86 86
14 35 136 201
14 36 169 195
14 37 210 227
14 38 95 101
14 39 155 155
14 40 155 185
14 41 162 199
14 42 71 101
14 43 97 112
14 44 105 148
14 45 67 76
14 46 162 162
14 47 140 164
14 48 152 169
14 51 245 294
14 52 78 81
14 54 64 89
14 55 178 197
14 57 99 135
15 16 28 37
15 17 128 170
15 18 82 98
15 19 19 19
15 20 126 135
15 21 60 78
15 22 38 52
15 23 90 125
15 24 105 142
15 25 118 130
15 26 151 217
15 27 69 75
15 28 92 109
15 29 59 66
15 30 37 54
15 31 77 108
15 32 35 48
15 33 80 87
15 34 90 110
15 36 98 116
15 37 111 153
15 38 80 82
15 39 44 49
15 40 38 42
15 41 45 52
15 42 86 101
15 43 26 33
15 44 49 69
15 45 87 121
15 46 47 58
15 48 39 41
15 49 95 111
15 50 104 130
15 51 157 234
15 52 38 40
15 53 31 43
15 54 68 91
15 55 73 92
15 56 76 77
15 57 41 46
15 58 19 20
16 17 154 200
16 18 102 137
16 19 47 56
16 20 153 223
16 21 39 39
16 22 10 14
16 23 114 166
16 24 85 106
16 25 142 160
16 26 134 178
16 27 97 113
16 28 120 121
16 29 83 118
16 30 20 23
16 31 103 110
16 32 61 64
16 33 101 111
16 34 111 164
16 36 94 114
16 38 98 113
16 39 25 33
16 40 10 10
16 42 110 162
16 43 51 61
16 44 66 80
16 45 111 149
16 46 21 23
16 47 14 16
16 48 19 27
16 49 118 125
16 50 130 145
16 52 67 100
16 53 40 54
16 54 95 125
16 55 54 68
16 56 105 129
16 58 23 33
17 18 62 91
17 19 109 144
17 20 23 24
17 21 165 176
17 22 163 216
17 23 41 53
17 24 193 198
17 25 16 17
17 26 218 261
17 29 71 89
17 31 51 71
17 32 93 122
17 34 53 78
17 36 141 176
17 37 192 287
17 38 67 84
17 39 154 159
17 40 162 199
17 41 168 171
17 43 103 122
17 44 94 126
17 45 43 51
17 46 164 218
17 47 144 182
17 48 153 184
17 49 38 42
17 50 24 27
17 51 217 262
17 52 96 112
17 53 119 169
17 54 104 140
17 55 168 206
17 57 129 163
17 58 132 186
18 19 67 89
18 20 73 99
18 23 25 34
18 24 131 168
18 25 47 58
18 26 157 232
18 27 66 77
18 28 69 76
18 29 29 32
18 31 30 34
18 32 51 68
18 33 8 11
18 34 9 13
18 35 96 117
18 36 80 96
18 37 130 176
18 38 5 5
18 39 96 129
18 40 108 108
18 42 20 28
18 43 58 79
18 44 36 39
18 45 24 32
18 46 108 135
18 47 89 130
18 48 96 137
18 49 25 26
18 50 47 53
18 51 157 187
18 52 67 84
18 54 95 114
18 55 107 111
18 56 73 100
18 57 101 102
18 58 79 117
19 20 106 138
19 21 73 79
19 22 58 60
19 23 71 88
19 25 99 147
19 26 160 186
19 27 50 68
19 28 73 104
19 30 57 57
19 31 58 78
19 34 74 96
19 35 38 38
19 36 98 145
19 37 121 180
19 38 65 81
19 39 58 73
19 40 57 78
19 41 63 91
19 43 9 11
19 44 38 38
19 45 68 88
19 46 64 87
19 47 41 57
19 48 54 78
19 49 76 113
19 50 84 116
19 51 164 211
19 52 21 30
19 53 32 33
19 55 85 85
19 57 39 51
19 58 31 32
20 21 169 175
20 22 163 229
20 23 49 49
20 25 35 49
20 26 231 291
20 28 41 49
20 29 73 102
20 30 162 169
20 31 52 77
20 32 91 122
20 33 67 72
20 35 144 193
20 36 154 229
20 37 202 245
20 38 79 107
20 39 157 177
20 40 162 223
20 41 168 211
20 42 54 78
20 43 101 121
20 44 99 123
20 45 50 71
20 46 166 247
20 48 155 159
20 49 48 67
20 50 26 32
20 53 122 176
20 54 89 123
20 55 175 255
20 56 60 88
20 57 119 135
20 58 133 196
21 22 34 44
21 23 124 133
21 24 46 47
21 25 151 198
21 26 95 105
21 27 123 182
21 28 143 213
21 29 96 133
21 30 55 79
21 31 117 147
21 32 81 117
21 33 107 143
21 35 47 65
21 36 66 91
21 37 54 54
21 39 16 20
21 40 32 42
21 41 29 38
21 42 119 125
21 45 121 151
21 46 19 20
21 47 34 48
21 48 21 22
21 49 127 144
21 50 144 176
21 51 102 123
21 52 95 97
21 53 47 67
21 54 128 143
21 56 131 155
21 57 100 117
21 58 42 60
22 23 123 141
22 24 79 99
22 25 151 161
22 26 129 185
22 27 108 159
22 28 131 145
22 29 92 93
22 30 21 24
22 31 112 166
22 32 71 104
22 33 110 148
22 34 119 146
22 35 20 23
22 36 95 114
22 37 88 94
22 38 106 151
22 40 3 3
22 41 7 9
22 42 119 143
22 43 61 63
22 44 73 98
22 45 120 175
22 46 15 16
22 47 20 25
22 48 18 24
22 49 127 156
22 50 140 206
22 52 77 86
22 53 47 57
22 54 105 131
22 55 50 64
22 56 115 153
22 57 72 81
22 58 31 41
23 24 153 220
23 25 28 39
23 26 181 248
23 27 52 58
23 28 48 64
23 29 31 44
23 30 127 137
23 31 15 15
23 32 55 63
23 34 18 25
23 35 106 137
23 36 105 106
23 38 30 34
23 39 113 113
23 40 121 159
23 41 127 140
23 42 5 7
23 43 64 78
23 45 3 3
23 46 123 162
23 47 103 107
23 48 112 118
23 49 5 6
23 50 22 23
23 51 182 272
23 52 64 72
23 53 78 88
23 54 83 105
23 55 128 131
23 56 56 60
23 57 99 115
23 58 92 121
24 25 178 219
24 26 50 72
24 27 163 166
24 28 182 267
24 29 131 136
24 30 100 143
24 31 150 221
24 32 121 126
24 33 135 147
24 34 140 205
24 35 93 138
24 36 61 87
24 37 10 13
24 38 125 144
24 39 62 62
24 40 77 105
24 41 73 103
24 42 148 188
24 43 114 122
24 44 103 120
24 45 151 159
24 46 64 69
24 47 80 96
24 48 68 68
24 49 156 160
24 50 175 234
24 51 58 66
24 52 138 163
24 53 86 103
24 54 172 237
24 56 172 231
24 57 146 196
24 58 86 114
25 26 201 266
25 29 59 80
25 31 41 49
25 32 83 97
25 33 43 56
25 34 37 47
25 35 135 151
25 36 125 181
25 37 177 249
25 38 52 59
25 39 140 164
25 40 150 209
25 41 156 230
25 42 32 43
25 45 31 31
25 46 151 164
25 47 131 138
25 48 140 207
25 49 24 34
25 51 201 253
25 52 89 109
25 53 106 120
25 54 102 125
25 55 154 229
25 57 123 158
25 58 120 139
26 27 202 248
26 29 165 227
26 30 150 217
26 31 181 181
26 33 163 185
26 34 165 202
26 35 142 191
26 36 76 101
26 37 41 51
26 38 151 207
26 39 110 135
26 40 127 140
26 41 123 124
26 42 176 188
26 43 155 170
26 44 138 183
26 45 180 191
26 46 114 166
26 47 127 142
26 48 116 157
26 49 182 247
26 50 204 287
26 51 10 14
26 52 179 210
26 53 127 159
26 54 215 319
26 55 80 93
26 56 211 233
26 57 193 229
26 58 132 155
27 28 24 34
27 29 41 46
27 30 103 152
27 31 38 46
27 32 42 53
27 34 67 82
27 35 87 107
27 36 132 149
27 37 167 179
27 38 68 83
27 39 108 150
27 40 107 140
27 41 114 161
27 42 53 76
27 43 50 63
27 44 65 76
27 45 50 69
27 46 114 135
27 48 104 149
27 49 56 63
27 50 51 69
27 51 205 224
27 52 30 41
27 53 77 94
27 54 31 46
27 55 132 132
27 56 9 12
27 57 56 66
27 58 81 90
28 29 53 68
28 30 127 164
28 31 39 58
28 32 62 75
28 33 61 72
28 34 66 72
28 35 111 129
28 36 144 208
28 37 184 188
28 38 73 105
28 39 129 129
28 40 130 182
28 41 137 162
28 43 71 78
28 44 80 89
28 45 47 48
28 46 136 138
28 47 114 145
28 48 126 153
28 49 51 56
28 50 37 54
28 51 220 294
28 52 53 55
28 53 97 123
28 55 152 181
28 56 19 24
28 57 79 91
28 58 103 147
29 30 96 104
29 31 20 25
29 32 24 29
29 33 23 32
29 34 34 39
29 36 92 121
29 37 132 156
29 38 29 35
29 39 84 108
29 40 91 120
29 41 97 106
29 42 27 28
29 43 33 42
29 44 27 38
29 45 28 36
29 46 94 128
29 47 73 108
29 48 82 121
29 49 35 43
29 50 48 56
29 51 167 236
29 52 37 45
29 53 49 56
29 54 67 73
29 55 102 140
29 56 49 65
29 57 72 88
29 58 61 85
30 31 115 119
30 32 72 77
30 35 22 22
30 36 114 161
30 37 109 159
30 38 115 148
30 39 44 50
30 40 24 31
30 41 26 28
30 42 124 185
30 43 63 77
30 45 124 125
30 47 33 33
30 48 38 38
30 49 132 160
30 50 142 161
30 51 158 222
30 52 73 106
30 53 59 69
30 54 94 135
30 55 71 98
30 56 110 120
30 57 58 65
30 58 41 53
31 32 42 48
31 34 29 32
31 35 95 114
31 36 107 159
31 37 151 200
31 38 34 40
31 39 104 150
31 40 111 130
31 41 117 174
31 42 14 15
31 43 52 72
31 44 47 69
31 45 12 15
31 46 114 155
31 47 93 117
31 48 103 135
31 50 27 39
31 51 183 255
31 52 49 63
31 53 70 92
31 55 122 168
31 56 43 53
31 57 84 104
31 58 82 93
32 34 58 86
32 35 52 74
32 36 94 96
32 37 125 171
32 38 50 68
32 39 67 93
32 40 70 101
32 41 76 108
32 43 9 10
32 44 28 38
32 45 52 74
32 46 75 85
32 47 53 70
32 48 64 77
32 50 69 82
32 51 164 230
32 52 20 22
32 53 35 50
32 54 56 76
32 55 90 97
32 56 51 54
32 57 51 75
32 58 41 44
33 34 11 14
33 35 94 110
33 36 87 125
33 37 135 194
33 38 12 15
33 39 97 110
33 40 107 108
33 41 113 161
33 42 13 18
33 43 54 54
33 44 37 48
33 45 17 24
33 46 108 160
33 47 89 128
33 48 97 144
33 49 20 27
33 50 41 44
33 51 163 197
33 52 61 88
33 53 63 77
33 54 87 115
33 55 110 149
33 56 65 94
33 57 96 123
33 58 78 98
34 35 105 117
34 36 89 114
34 37 139 193
34 38 15 16
34 39 106 135
34 41 123 131
34 42 15 19
34 43 65 72
34 44 46 59
34 45 19 21
34 47 99 113
34 48 106 150
34 49 18 22
34 50 40 54
34 51 165 231
34 52 71 82
34 54 96 128
34 55 117 147
34 56 72 94
34 57 106 108
34 58 88 130
35 36 97 130
35 37 101 150
35 38 93 114
35 39 32 35
35 40 20 29
35 41 27 27
35 43 43 44
35 44 60 87
35 45 103 108
35 46 31 34
35 47 15 18
35 48 26 34
35 49 111 157
35 51 148 175
35 52 57 72
35 53 37 37
35 54 84 111
35 55 62 89
35 56 95 125
35 57 53 62
35 58 19 26
36 37 56 78
36 38 75 105
36 39 71 89
36 40 92 137
36 41 93 138
36 42 100 118
36 43 91 107
36 44 67 77
36 45 104 104
36 46 83 101
36 47 82 106
36 48 77 104
36 49 106 151
36 51 76 82
36 52 114 145
36 53 67 94
36 55 56 76
36 56 141 148
36 57 137 176
36 58 80 86
37 39 69 101
37 41 82 117
37 42 148 209
37 43 118 142
37 44 104 117
37 45 151 206
37 46 73 77
37 47 86 107
37 48 75 84
37 49 155 199
37 50 175 223
37 51 48 56
37 52 142 210
37 53 90 116
37 54 177 262
37 55 39 50
37 56 176 263
37 58 92 100
38 40 104 138
38 41 109 147
38 42 25 28
38 43 56 71
38 44 32 41
38 45 29 29
38 46 103 139
38 48 92 117
38 49 31 39
38 50 52 70
38 52 67 96
38 53 59 75
38 54 96 135
38 55 102 129
38 56 76 93
38 57 101 114
38 58 75 95
39 40 21 22
39 41 22 25
39 42 108 132
39 43 57 61
39 44 60 78
39 45 110 110
39 46 13 14
39 47 18 20
39 48 6 6
39 51 116 163
39 52 79 113
39 54 112 154
39 55 30 36
39 56 116 141
39 57 84 105
39 58 26 35
40 41 6 7
40 42 117 124
40 43 60 65
40 44 71 86
40 45 118 123
40 46 12 15
40 47 18 19
40 48 15 15
40 49 125 156
40 50 138 153
40 51 134 199
40 53 45 60
40 54 105 157
40 55 47 54
40 56 115 170
40 57 73 89
40 58 29 40
41 42 123 127
41 43 66 73
41 44 76 81
41 45 124 132
41 46 10 13
41 47 24 24
41 48 18 22
41 49 131 177
41 50 145 177
41 51 131 137
41 52 84 89
41 53 50 59
41 54 111 143
41 55 45 63
41 57 79 96
41 58 35 41
42 43 60 61
42 44 48 66
42 46 119 126
42 47 99 102
42 48 107 145
42 49 8 8
42 50 27 35
42 51 177 212
42 52 62 78
42 53 73 107
42 54 83 85
42 56 58 81
42 58 87 105
43 44 29 39
43 45 61 61
43 46 65 74
43 48 55 75
43 49 69 90
43 50 79 82
43 51 159 206
43 53 28 39
43 54 60 64
43 55 82 99
43 56 59 82
43 58 32 46
44 45 50 63
44 46 71 87
44 47 53 67
44 49 56 59
44 50 73 104
44 51 140 180
44 52 49 60
44 53 26 31
44 56 74 95
44 57 77 104
44 58 43 49
45 46 121 169
45 47 100 103
45 48 109 146
45 49 8 11
45 50 24 33
45 51 181 209
45 52 61 73
45 53 75 85
45 54 81 96
45 55 125 144
45 56 55 65
45 57 96 116
45 58 89 123
46 47 22 24
46 48 11 13
46 49 127 154
46 50 142 170
46 51 121 171
46 52 85 106
46 53 45 51
46 54 115 129
46 55 35 51
46 56 122 127
46 57 84 96
46 58 33 43
47 48 13 18
47 49 107 109
47 50 120 144
47 51 133 179
47 53 27 37
47 54 94 98
47 55 48 63
47 56 100 121
47 57 65 86
48 49 116 139
48 51 122 153
48 53 34 35
48 54 107 135
48 55 36 46
48 56 113 119
48 57 78 107
48 58 22 30
49 50 22 25
49 52 69 74
49 53 82 112
49 54 88 126
49 55 130 164
49 56 61 74
49 57 104 106
49 58 96 100
50 51 204 250
50 52 72 74
50 54 81 119
50 55 149 203
50 56 51 76
50 57 104 111
50 58 109 139
51 52 183 242
51 53 131 141
51 54 219 273
51 55 86 123
51 56 214 272
51 57 198 282
51 58 137 161
52 53 52 60
52 54 36 53
52 55 106 117
52 56 38 50
52 57 35 47
52 58 53 69
53 54 88 105
53 55 55 73
53 56 86 86
53 57 70 80
53 58 18 26
54 55 140 161
54 56 30 40
54 57 37 47
54 58 86 109
55 56 141 170
55 57 114 147
55 58 54 77
56 57 60 89
56 58 90 98
