59
60
116
23
54
4
18
15
39
35
8
45
25
22
13
46
32
51
42
38
0
3
36
55
5
34
57
5
32
54
0
16
14
0 1 146 202
0 2 145 186
0 6 76 97
0 7 100 137
0 9 151 221
0 10 49 73
0 11 84 125
0 12 64 66
0 13 114 117
0 15 108 120
0 16 135 188
0 18 64 71
0 20 18 26
0 24 188 221
0 30 144 200
0 32 74 91
0 33 57 84
0 35 126 177
0 36 144 145
0 37 189 228
0 42 44 54
0 43 84 98
0 44 85 117
0 45 40 46
0 46 149 158
0 47 127 171
0 49 40 52
0 50 19 24
0 51 220 328
0 52 71 86
0 53 106 145
0 56 42 47
0 57 101 107
0 58 116 122
1 2 35 50
1 4 80 89
1 6 148 213
1 7 51 54
1 8 67 79
1 9 30 42
1 11 99 137
1 12 112 118
1 13 33 39
1 14 165 226
1 15 65 72
1 16 52 59
1 20 161 196
1 21 20 20
1 22 50 53
1 23 113 147
1 25 139 195
1 30 71 99
1 31 108 110
1 32 78 93
1 33 95 125
1 34 102 122
1 35 57 85
1 36 46 58
1 37 47 63
1 38 87 117
1 40 47 70
1 45 111 146
1 47 42 59
1 48 33 34
1 52 95 138
1 53 43 57
1 54 130 186
1 55 14 16
1 56 129 187
1 57 106 137
1 58 45 63
2 3 69 94
2 4 69 74
2 6 129 180
2 7 45 66
2 8 100 137
2 9 66 74
2 10 100 141
2 12 97 101
2 14 158 212
2 15 43 49
2 16 19 23
2 18 104 111
2 19 60 77
2 20 162 204
2 23 119 154
2 25 147 200
2 26 115 123
2 27 110 139
2 28 132 192
2 29 89 122
2 30 36 41
2 31 110 122
2 32 71 95
2 33 104 155
2 34 113 160
2 35 28 34
2 37 74 75
2 39 10 12
2 40 12 12
2 42 114 159
2 43 61 73
2 45 116 148
2 47 18 24
2 48 7 8
2 49 123 152
2 50 137 175
2 53 41 58
2 55 35 48
2 56 119 178
2 57 81 99
2 58 29 38
3 4 120 142
3 5 73 106
3 7 91 98
3 8 31 32
3 9 33 40
3 10 149 208
3 12 152 218
3 13 67 74
3 16 88 90
3 18 122 163
3 19 115 165
3 20 195 284
3 22 84 91
3 23 146 199
3 25 169 201
3 26 46 67
3 28 177 249
3 29 125 130
3 30 105 153
3 32 118 123
3 34 131 191
3 36 49 59
3 37 7 9
3 39 63 75
3 45 144 174
3 50 168 188
3 51 52 73
3 54 170 170
3 58 86 104
4 5 71 92
4 6 70 93
4 8 141 180
4 9 96 118
4 10 31 44
4 11 27 37
4 13 57 77
4 15 31 39
4 16 58 75
4 17 97 98
4 18 57 66
4 19 11 12
4 20 94 95
4 23 60 79
4 26 164 216
4 27 41 45
4 28 63 91
4 29 30 37
4 30 68 87
4 32 6 6
4 33 53 77
4 34 64 70
4 38 56 79
4 39 66 80
4 40 67 75
4 42 57 57
4 43 9 11
4 45 57 68
4 47 51 74
4 49 65 73
4 50 73 85
4 51 167 198
4 52 16 18
4 53 37 39
4 57 45 65
4 58 40 50
5 6 128 140
5 7 48 70
5 8 104 129
5 9 71 73
5 11 79 89
5 13 57 58
5 17 163 231
5 20 164 225
5 21 24 27
5 22 10 12
5 23 122 166
5 24 69 77
5 27 111 123
5 28 134 200
5 29 92 92
5 30 31 36
5 31 113 114
5 32 73 82
5 35 27 35
5 37 77 110
5 43 63 79
5 44 71 90
5 45 119 152
5 46 4 5
5 47 20 27
5 48 11 13
5 50 140 181
5 51 126 136
5 53 44 62
5 58 31 42
6 7 98 111
6 8 212 251
6 9 167 235
6 10 50 62
6 11 50 54
6 13 128 168
6 14 61 76
6 15 86 103
6 16 112 128
6 17 109 161
6 18 109 159
6 25 110 122
6 26 234 294
6 27 43 50
6 30 109 128
6 31 81 114
6 32 74 94
6 35 101 126
6 37 195 200
6 40 122 146
6 43 79 91
6 45 93 114
6 46 132 144
6 47 112 167
6 49 99 143
6 50 89 131
6 51 238 292
6 52 54 77
6 53 106 107
6 54 18 18
6 55 158 192
7 8 114 170
7 9 69 75
7 13 32 32
7 14 116 131
7 15 26 31
7 16 40 51
7 17 115 170
7 19 24 30
7 20 117 163
7 21 53 70
7 22 49 63
7 23 74 81
7 24 94 101
7 25 103 109
7 28 90 119
7 29 44 44
7 30 57 61
7 33 60 70
7 34 70 98
7 35 35 44
7 36 74 99
7 39 39 40
7 45 71 94
7 46 49 56
7 47 28 32
7 48 38 38
7 50 92 102
7 51 139 160
7 52 44 65
7 53 8 8
7 54 80 117
7 55 62 71
7 57 62 88
7 58 17 23
8 9 45 62
8 12 174 213
8 13 85 118
8 15 132 160
8 16 118 148
8 17 193 262
8 18 132 169
8 19 138 198
8 21 79 116
8 23 157 229
8 24 41 50
8 26 25 34
8 28 194 271
8 30 135 196
8 32 138 164
8 34 140 163
8 35 124 140
8 38 126 153
8 39 93 119
8 41 109 160
8 42 151 165
8 43 133 190
8 44 114 132
8 46 99 116
8 47 109 145
8 48 99 143
8 49 157 165
8 51 26 30
8 53 105 113
8 56 188 208
8 57 173 236
8 58 112 141
9 10 123 128
9 11 120 135
9 12 129 150
9 13 39 50
9 20 163 232
9 21 50 65
9 22 81 118
9 23 114 143
9 24 44 58
9 25 136 164
9 27 133 163
9 29 96 120
9 30 101 146
9 31 113 145
9 32 93 123
9 35 86 106
9 37 41 42
9 38 84 121
9 41 78 115
9 42 108 109
9 45 112 164
9 46 68 77
9 47 70 90
9 50 136 161
9 51 71 78
9 52 112 114
9 53 61 82
9 54 149 158
9 57 131 163
10 11 35 43
10 13 83 84
10 16 88 114
10 17 76 82
10 19 40 48
10 21 112 130
10 22 98 141
10 24 152 193
10 25 71 73
10 27 11 13
10 29 32 39
10 32 31 39
10 33 51 63
10 34 60 75
10 35 78 80
10 37 156 187
10 38 60 84
10 39 97 127
10 40 97 143
10 42 48 60
10 43 39 39
10 44 54 73
10 46 104 155
10 47 82 103
10 52 22 22
10 53 66 80
10 55 122 175
10 56 20 29
10 58 71 78
11 12 21 29
11 14 87 95
11 15 36 40
11 17 111 138
11 18 82 85
11 19 25 25
11 20 102 128
11 24 140 190
11 25 105 136
11 27 40 57
11 28 64 76
11 31 65 86
11 32 33 42
11 33 77 80
11 34 87 124
11 35 52 76
11 36 124 171
11 38 82 90
11 39 80 85
11 40 73 75
11 41 80 97
11 45 77 97
11 48 75 84
11 51 190 191
11 54 32 34
11 56 45 50
11 57 19 26
12 13 90 124
12 14 65 96
12 16 82 92
12 19 38 52
12 20 82 91
12 21 111 133
12 22 92 108
12 23 66 85
12 25 89 111
12 26 196 242
12 28 43 46
12 29 47 55
12 31 51 67
12 34 78 116
12 35 72 104
12 37 159 236
12 40 92 107
12 41 99 128
12 42 66 95
12 43 41 44
12 45 64 82
12 46 100 128
12 49 71 104
12 50 69 82
12 52 17 24
12 53 69 99
12 56 24 33
13 14 136 167
13 17 120 135
13 18 59 79
13 20 128 152
13 21 48 58
13 23 80 118
13 25 106 142
13 26 108 116
13 27 94 140
13 28 110 135
13 30 79 91
13 31 76 94
13 33 62 67
13 35 59 73
13 44 30 34
13 46 56 79
13 51 111 113
13 52 73 90
13 54 110 130
13 56 103 133
14 15 117 140
14 16 146 153
14 17 58 77
14 23 67 68
14 24 208 297
14 25 66 91
14 26 243 264
14 29 78 83
14 31 62 81
14 33 83 112
14 37 210 280
14 40 155 184
14 41 162 181
14 42 71 86
14 43 97 114
14 47 140 205
14 48 152 177
14 49 69 71
14 50 48 63
14 51 245 273
14 58 129 175
15 16 28 38
15 22 38 53
15 24 105 119
15 25 118 139
15 26 151 218
15 27 69 76
15 30 37 44
15 31 77 87
15 32 35 51
15 33 80 95
15 35 18 22
15 36 98 128
15 37 111 142
15 40 38 47
15 41 45 62
15 44 49 69
15 45 87 103
15 46 47 52
15 47 26 35
15 49 95 130
15 51 157 175
15 56 76 90
15 57 41 47
16 17 154 172
16 18 102 143
16 19 47 61
16 22 10 13
16 24 85 93
16 25 142 208
16 26 134 162
16 28 120 161
16 30 20 29
16 31 103 140
16 32 61 71
16 33 101 123
16 34 111 144
16 37 93 124
16 38 98 107
16 41 16 20
16 42 110 118
16 44 66 90
16 45 111 161
16 48 19 26
16 49 118 143
16 52 67 92
16 53 40 52
16 54 95 110
16 55 54 63
16 56 105 117
16 57 63 74
16 58 23 31
17 18 62 91
17 19 109 148
17 20 23 30
17 21 165 173
17 23 41 41
17 25 16 23
17 26 218 221
17 27 74 76
17 28 56 76
17 29 71 88
17 30 166 217
17 31 51 62
17 32 93 135
17 35 146 168
17 36 141 171
17 37 192 285
17 38 67 93
17 41 168 172
17 42 46 68
17 43 103 104
17 44 94 125
17 46 164 185
17 47 144 177
17 48 153 227
17 49 38 56
17 51 217 251
17 52 96 123
17 57 129 178
18 19 67 77
18 21 105 119
18 24 131 196
18 26 157 213
18 31 30 41
18 32 51 53
18 34 9 10
18 35 96 126
18 37 130 151
18 38 5 6
18 39 96 133
18 40 108 134
18 43 58 74
18 46 108 131
18 47 89 109
18 48 96 121
18 49 25 28
18 50 47 65
18 51 157 230
18 52 67 85
18 53 63 92
18 55 107 117
18 56 73 102
18 57 101 141
18 58 79 79
19 20 106 146
19 21 73 99
19 22 58 68
19 23 71 75
19 24 117 166
19 25 99 123
19 26 160 185
19 27 50 53
19 28 73 77
19 29 41 53
19 32 16 18
19 33 63 83
19 35 38 45
19 37 121 149
19 38 65 84
19 39 58 86
19 42 68 69
19 43 9 13
19 45 68 78
19 47 41 42
19 50 84 115
19 52 21 23
19 53 32 39
19 54 55 65
19 55 85 100
19 56 58 82
19 57 39 55
19 58 31 33
20 21 169 176
20 22 163 187
20 23 49 56
20 24 202 291
20 25 35 37
20 27 63 89
20 28 41 41
20 29 73 98
20 30 162 195
20 32 91 100
20 34 66 94
20 36 154 164
20 38 79 79
20 39 157 173
20 41 168 229
20 43 101 147
20 45 50 59
20 46 166 223
20 47 144 198
20 49 48 69
20 51 231 252
20 53 122 160
20 54 89 120
20 55 175 250
20 56 60 74
20 57 119 128
20 58 133 155
21 22 34 48
21 23 124 137
21 26 95 108
21 27 123 152
21 29 96 105
21 30 55 63
21 33 107 137
21 35 47 69
21 38 100 122
21 40 32 39
21 41 29 32
21 42 119 151
21 45 121 144
21 47 34 37
21 49 127 175
21 50 144 191
21 53 47 66
21 55 15 18
21 56 131 136
21 57 100 133
21 58 42 52
22 23 123 137
22 24 79 107
22 26 129 149
22 28 131 164
22 30 21 22
22 31 112 124
22 32 71 101
22 34 119 165
22 35 20 25
22 36 95 103
22 37 88 130
22 42 119 177
22 43 61 66
22 44 73 85
22 46 15 16
22 47 20 22
22 48 18 19
22 49 127 167
22 50 140 206
22 51 136 195
22 52 77 115
22 54 105 110
22 55 50 53
22 57 72 72
22 58 31 40
23 24 153 173
23 26 181 220
23 27 52 68
23 30 127 139
23 31 15 20
23 32 55 75
23 33 18 21
23 34 18 18
23 35 106 119
23 39 113 151
23 41 127 132
23 42 5 6
23 43 64 71
23 44 53 71
23 45 3 4
23 46 123 126
23 48 112 152
23 49 5 5
23 51 182 253
23 56 56 56
23 58 92 129
24 25 178 241
24 27 163 190
24 28 182 186
24 29 131 160
24 30 100 129
24 31 150 152
24 32 121 176
24 33 135 194
24 34 140 166
24 35 93 138
24 37 10 10
24 38 125 185
24 42 148 194
24 44 103 114
24 45 151 177
24 48 68 86
24 49 156 223
24 50 175 176
24 51 58 61
24 52 138 201
24 53 86 122
24 55 32 42
24 58 86 100
25 26 201 288
25 29 59 79
25 33 43 60
25 34 37 37
25 36 125 182
25 37 177 192
25 39 140 172
25 40 150 164
25 43 92 98
25 44 80 82
25 47 131 183
25 48 140 190
25 49 24 24
25 51 201 290
25 56 73 88
25 58 120 147
26 27 202 271
26 28 218 263
26 29 165 186
26 31 181 208
26 32 161 221
26 33 163 220
26 35 142 173
26 37 41 45
26 38 151 178
26 39 110 160
26 41 123 146
26 42 176 227
26 43 155 212
26 45 180 239
26 46 114 122
26 48 116 116
26 50 204 233
26 51 10 14
26 54 215 322
26 55 80 101
26 57 193 258
26 58 132 169
27 28 24 27
27 29 41 46
27 31 38 40
27 32 42 45
27 34 67 88
27 39 108 109
27 41 114 156
27 42 53 64
27 44 65 81
27 45 50 71
27 46 114 139
27 47 92 133
27 49 56 73
27 50 51 58
27 53 77 113
27 54 31 38
27 55 132 153
27 56 9 9
28 29 53 58
28 30 127 148
28 31 39 49
28 33 61 80
28 34 66 67
28 35 111 114
28 37 184 223
28 38 73 92
28 41 137 140
28 42 51 75
28 44 80 87
28 45 47 64
28 46 136 155
28 48 126 163
28 49 51 51
28 55 152 184
28 56 19 25
28 58 103 114
29 30 96 111
29 32 24 29
29 33 23 30
29 35 75 75
29 36 92 117
29 37 132 169
29 41 97 99
29 42 27 33
29 43 33 40
29 47 73 78
29 48 82 116
29 50 48 70
29 51 167 237
29 55 102 143
30 31 115 135
30 36 114 157
30 37 109 138
30 39 44 52
30 42 124 162
30 43 63 72
30 44 83 119
30 45 124 128
30 46 36 36
30 48 38 43
30 49 132 184
30 50 142 206
30 51 158 220
30 52 73 76
30 53 59 87
30 54 94 110
30 55 71 75
30 56 110 138
30 57 58 69
31 32 42 46
31 33 22 30
31 34 29 41
31 35 95 121
31 36 107 148
31 39 104 134
31 40 111 137
31 41 117 164
31 42 14 18
31 43 52 65
31 44 47 70
31 46 114 119
31 47 93 104
31 49 20 25
31 56 43 51
31 58 82 88
32 33 47 57
32 35 52 55
32 36 94 109
32 37 125 174
32 38 50 53
32 39 67 71
32 41 76 85
32 45 52 59
32 47 53 72
32 48 64 74
32 49 60 77
32 51 164 217
32 52 20 27
32 53 35 43
32 54 56 60
32 55 90 117
32 56 51 75
32 57 51 69
32 58 41 46
33 34 11 15
33 36 87 99
33 37 135 156
33 38 12 14
33 41 113 161
33 43 54 71
33 45 17 19
33 46 108 136
33 47 89 110
33 50 41 49
33 52 61 64
33 54 87 95
33 58 78 114
34 35 105 113
34 36 89 107
34 37 139 189
34 38 15 17
34 40 117 128
34 41 123 182
34 42 15 18
34 44 46 67
34 46 117 133
34 47 99 111
34 49 18 22
34 50 40 45
34 51 165 203
34 52 71 101
34 56 72 83
34 57 106 144
35 36 97 123
35 37 101 115
35 38 93 94
35 39 32 40
35 41 27 40
35 43 43 54
35 44 60 81
35 46 31 34
35 48 26 30
35 49 111 159
35 51 148 213
35 53 37 47
35 56 95 116
35 58 19 27
36 37 56 67
36 38 75 90
36 39 71 90
36 40 92 94
36 41 93 95
36 42 100 140
36 43 91 127
36 44 67 99
36 45 104 143
36 46 83 121
36 51 76 83
36 53 67 68
36 55 56 58
36 57 137 142
37 38 124 150
37 40 85 108
37 41 82 99
37 43 118 140
37 44 104 109
37 46 73 74
37 47 86 92
37 49 155 224
37 51 48 61
37 52 142 201
37 53 90 126
37 55 39 44
37 56 176 177
37 57 152 209
37 58 92 135
38 39 91 118
38 40 104 109
38 41 109 113
38 43 56 80
38 44 32 38
38 45 29 36
38 48 92 117
38 49 31 37
38 50 52 75
38 51 152 206
38 54 96 134
38 55 102 142
38 57 101 142
39 40 21 29
39 43 57 62
39 44 60 64
39 45 110 140
39 46 13 18
39 48 6 6
39 51 116 167
39 53 34 49
39 54 112 134
39 56 116 166
40 41 6 6
40 43 60 80
40 46 12 17
40 47 18 26
40 50 138 194
40 51 134 146
40 52 77 84
40 54 105 124
40 55 47 62
40 57 73 90
40 58 29 36
41 42 123 178
41 43 66 95
41 46 10 13
41 49 131 146
41 50 145 190
41 52 84 87
41 53 50 70
41 54 111 151
41 57 79 103
41 58 35 36
42 43 60 72
42 44 48 70
42 45 4 5
42 46 119 141
42 47 99 109
42 49 8 11
42 50 27 37
42 51 177 247
42 52 62 79
42 53 73 98
42 54 83 119
42 55 122 165
42 56 58 62
42 57 97 98
42 58 87 115
43 44 29 35
43 46 65 92
43 47 43 51
43 48 55 69
43 50 79 118
43 52 24 33
43 55 82 121
43 56 59 87
43 58 32 38
44 45 50 55
44 46 71 79
44 47 53 71
44 49 56 57
44 52 49 58
44 53 26 38
44 54 84 116
44 56 74 76
44 57 77 77
45 46 121 158
45 47 100 143
45 49 8 8
45 51 181 249
45 52 61 72
45 53 75 107
45 55 125 149
45 56 55 79
45 58 89 122
46 47 22 32
46 49 127 157
46 52 85 87
46 53 45 48
46 55 35 38
47 48 13 14
47 49 107 139
47 52 62 86
47 53 27 39
47 56 100 142
47 57 65 94
47 58 11 13
48 49 116 154
48 50 130 144
48 52 75 99
48 54 107 127
48 57 78 86
48 58 22 25
49 50 22 29
49 51 183 267
49 52 69 88
49 53 82 90
49 55 130 145
49 56 61 87
49 57 104 114
49 58 96 104
50 51 204 287
50 52 72 84
50 53 97 124
50 56 51 70
50 57 104 138
50 58 109 159
51 52 183 271
51 54 219 312
51 56 214 220
51 57 198 273
51 58 137 173
52 53 52 60
52 54 36 50
52 57 35 40
53 54 88 109
53 56 86 115
54 55 140 183
54 56 30 42
54 57 37 38
54 58 86 104
55 56 141 186
55 57 114 161
55 58 54 76
56 57 60 69
56 58 90 127
57 58 60 71
