59
100
49
23
50
32
14
58
48
4
25
27
28
18
33
16
46
12
8
31
24
15
56
5
55
7
39
5
47
22
15
16
27
0 1 146 205
0 2 145 167
0 3 181 184
0 4 77 113
0 5 147 171
0 6 76 88
0 8 195 238
0 9 151 222
0 10 49 63
0 12 64 73
0 13 114 151
0 14 29 34
0 15 108 125
0 16 135 146
0 17 32 33
0 18 64 94
0 19 88 113
0 20 18 26
0 21 153 165
0 22 145 195
0 23 39 50
0 24 188 278
0 25 37 53
0 26 219 219
0 27 44 62
0 28 24 29
0 29 57 65
0 30 144 165
0 31 38 55
0 32 74 79
0 33 57 69
0 34 58 70
0 35 126 145
0 36 144 171
0 37 189 241
0 38 69 78
0 39 140 183
0 40 144 181
0 41 151 189
0 42 44 63
0 43 84 108
0 45 40 56
0 46 149 193
0 47 127 166
0 48 138 167
0 49 40 40
0 50 19 22
0 51 220 255
0 52 71 93
0 54 72 75
0 55 160 235
0 56 42 56
0 57 101 111
1 2 35 40
1 3 40 46
1 4 80 96
1 6 148 165
1 7 51 51
1 8 67 93
1 9 30 31
1 10 109 114
1 11 99 106
1 13 33 40
1 14 165 172
1 15 65 77
1 16 52 73
1 17 154 161
1 18 92 104
1 19 74 89
1 20 161 232
1 21 20 20
1 22 50 57
1 24 43 58
1 25 139 171
1 26 86 92
1 27 120 134
1 28 139 192
1 29 88 100
1 30 71 86
1 31 108 123
1 32 78 109
1 33 95 135
1 34 102 132
1 35 57 80
1 36 46 62
1 37 47 54
1 38 87 116
1 40 47 53
1 41 47 68
1 43 71 91
1 45 111 149
1 46 37 51
1 47 42 52
1 48 33 35
1 49 116 133
1 50 134 145
1 51 91 123
1 52 95 126
1 53 43 64
1 54 130 150
1 55 14 19
1 56 129 157
1 57 106 143
1 58 45 49
2 3 69 78
2 4 69 79
2 6 129 176
2 7 45 57
2 8 100 127
2 9 66 83
2 10 100 105
2 11 79 96
2 12 97 114
2 13 52 52
2 14 158 160
2 16 19 22
2 17 160 201
2 18 104 104
2 19 60 85
2 20 162 211
2 21 20 20
2 22 15 19
2 24 66 86
2 26 115 125
2 27 110 116
2 28 132 172
2 29 89 113
2 30 36 48
2 31 110 158
2 32 71 78
2 33 104 107
2 34 113 128
2 35 28 35
2 36 81 101
2 37 74 101
2 38 99 118
2 39 10 10
2 40 12 17
2 42 114 125
2 43 61 63
2 44 67 92
2 45 116 133
2 46 4 5
2 47 18 26
2 48 7 7
2 51 122 133
2 52 81 84
2 53 41 59
2 54 111 117
2 55 35 45
2 56 119 120
2 57 81 89
2 58 29 30
3 4 120 168
3 5 73 74
3 6 189 221
3 7 91 110
3 8 31 36
3 9 33 33
3 10 149 191
3 11 140 177
3 13 67 77
3 14 203 241
3 15 105 140
3 16 88 109
3 17 185 245
3 18 122 159
3 19 115 142
3 20 195 243
3 21 49 55
3 22 84 119
3 24 13 17
3 25 169 194
3 26 46 66
3 27 160 197
3 28 177 263
3 29 125 126
3 30 105 129
3 31 143 200
3 32 118 152
3 33 127 136
3 34 131 182
3 35 96 120
3 36 49 64
3 37 7 8
3 38 117 125
3 39 63 83
3 40 81 90
3 41 78 93
3 42 140 200
3 44 97 135
3 45 144 199
3 46 69 87
3 47 81 118
3 48 70 104
3 49 148 186
3 51 52 73
3 56 169 207
3 57 147 212
3 58 86 100
4 5 71 78
4 6 70 78
4 7 29 40
4 8 141 210
4 9 96 133
4 10 31 38
4 11 27 34
4 12 32 44
4 13 57 79
4 14 89 128
4 15 31 34
4 16 58 59
4 17 97 128
4 18 57 69
4 19 11 13
4 20 94 134
4 21 81 103
4 22 68 79
4 23 60 82
4 25 88 105
4 26 164 193
4 27 41 57
4 28 63 63
4 29 30 42
4 32 6 8
4 33 53 72
4 34 64 87
4 35 49 56
4 37 127 132
4 38 56 59
4 39 66 83
4 40 67 75
4 41 74 76
4 42 57 66
4 43 9 12
4 44 33 46
4 45 57 71
4 46 73 106
4 47 51 59
4 48 63 91
4 49 65 77
4 50 73 75
4 51 167 183
4 53 37 54
4 54 52 74
4 55 91 110
4 56 50 52
4 57 45 60
4 58 40 57
5 6 128 168
5 7 48 69
5 8 104 153
5 9 71 99
5 10 102 138
5 11 79 94
5 12 97 139
5 13 57 84
5 15 43 44
5 16 17 19
5 17 163 193
5 19 61 78
5 21 24 24
5 22 10 12
5 23 122 143
5 24 69 78
5 25 151 199
5 26 119 156
5 27 111 126
5 28 134 142
5 29 92 109
5 30 31 31
5 31 113 143
5 32 73 80
5 34 117 148
5 35 27 29
5 36 86 117
5 38 103 130
5 39 15 20
5 40 8 8
5 41 7 9
5 42 118 159
5 43 63 77
5 44 71 78
5 45 119 150
5 46 4 4
5 47 20 25
5 48 11 15
5 49 126 163
5 51 126 139
5 52 82 82
5 53 44 49
5 54 111 128
5 55 39 52
5 56 120 163
5 58 31 31
6 7 98 128
6 8 212 313
6 9 167 176
6 10 50 55
6 11 50 74
6 12 38 38
6 13 128 156
6 14 61 73
6 15 86 102
6 16 112 126
6 17 109 136
6 18 109 114
6 19 74 81
6 20 92 109
6 21 146 187
6 22 121 177
6 23 95 129
6 24 190 277
6 25 110 141
6 26 234 245
6 27 43 53
6 28 53 56
6 29 83 115
6 30 109 149
6 31 81 114
6 32 74 104
6 34 110 122
6 35 101 142
6 36 169 227
6 37 195 211
6 38 111 138
6 39 130 174
6 40 122 152
6 41 128 164
6 42 96 105
6 43 79 105
6 44 102 116
6 45 93 118
6 46 132 184
6 47 112 127
6 48 125 128
6 49 99 101
6 50 89 95
6 51 238 296
6 52 54 78
6 53 106 132
6 54 18 20
6 55 158 170
6 56 38 54
6 57 51 60
6 58 104 132
7 8 114 169
7 9 69 88
7 10 59 72
7 11 50 74
7 12 61 77
7 14 116 128
7 15 26 38
7 16 40 49
7 17 115 134
7 18 61 68
7 19 24 30
7 20 117 135
7 21 53 77
7 22 49 67
7 23 74 90
7 24 94 115
7 25 103 151
7 26 135 172
7 27 70 101
7 28 90 117
7 29 44 45
7 30 57 57
7 31 65 76
7 32 27 35
7 33 60 73
7 35 35 40
7 36 74 80
7 37 98 140
7 39 39 48
7 40 47 69
7 41 53 68
7 42 70 92
7 43 20 24
7 44 25 27
7 45 71 104
7 46 49 66
7 47 28 39
7 48 38 49
7 49 78 112
7 50 92 93
7 51 139 187
7 52 44 59
7 54 80 96
7 56 78 112
7 58 17 21
8 10 168 190
8 11 164 239
8 12 174 208
8 13 85 95
8 14 219 246
8 15 132 135
8 16 118 149
8 17 193 210
8 18 132 170
8 19 138 145
8 20 206 239
8 22 114 165
8 23 157 190
8 24 41 56
8 25 176 198
8 26 25 27
8 27 179 257
8 28 194 203
8 29 141 207
8 30 135 194
8 31 157 223
8 32 138 187
8 33 138 203
8 34 140 143
8 35 124 173
8 37 31 36
8 38 126 150
8 39 93 100
8 40 111 135
8 42 151 180
8 43 133 152
8 44 114 164
8 45 155 206
8 46 99 100
8 47 109 147
8 49 157 225
8 50 179 183
8 52 157 160
8 54 194 256
8 55 64 82
8 56 188 196
8 57 173 214
8 58 112 155
9 10 123 159
9 11 120 135
9 12 129 192
9 13 39 55
9 14 174 176
9 15 90 116
9 16 82 110
9 17 152 170
9 18 90 119
9 19 94 94
9 20 163 200
9 21 50 59
9 22 81 93
9 23 114 135
9 24 44 49
9 25 136 167
9 26 69 79
9 27 133 152
9 28 149 159
9 29 96 108
9 30 101 142
9 31 113 140
9 32 93 111
9 33 95 125
9 34 99 120
9 36 18 25
9 37 41 57
9 39 57 80
9 40 78 82
9 41 78 107
9 42 108 119
9 43 88 122
9 44 69 71
9 45 112 136
9 46 68 86
9 47 70 82
9 48 63 82
9 49 115 150
9 50 136 161
9 52 112 117
9 53 61 87
9 54 149 157
9 55 38 38
9 56 142 197
9 57 131 154
9 58 71 72
10 11 35 43
10 12 18 25
10 13 83 88
10 14 58 64
10 15 60 65
10 16 88 116
10 17 76 110
10 18 59 67
10 19 40 41
10 20 68 75
10 21 112 126
10 23 48 49
10 25 71 103
10 26 191 282
10 27 11 14
10 28 32 39
10 31 33 46
10 32 31 36
10 33 51 53
10 34 60 71
10 35 78 84
10 36 121 180
10 37 156 204
10 38 60 76
10 39 97 133
10 40 97 101
10 41 104 146
10 43 39 45
10 44 54 78
10 45 45 61
10 46 104 113
10 48 94 137
10 49 53 61
10 50 51 56
10 51 194 212
10 52 22 31
10 53 66 93
10 54 36 50
10 55 122 170
10 56 20 22
10 57 52 52
10 58 71 85
11 12 21 29
11 13 82 112
11 14 87 105
11 15 36 46
11 16 63 76
11 17 111 117
11 18 82 87
11 19 25 26
11 20 102 105
11 23 80 81
11 24 140 154
11 25 105 122
11 26 185 224
11 28 64 68
11 29 53 64
11 30 64 72
11 31 65 95
11 33 77 103
11 34 87 111
11 35 52 54
11 37 146 171
11 38 82 98
11 39 80 116
11 40 73 90
11 41 80 101
11 42 78 103
11 43 33 33
11 44 61 78
11 45 77 92
11 46 83 117
11 47 62 77
11 48 75 97
11 49 85 98
11 50 86 92
11 51 190 232
11 52 16 20
11 53 58 85
11 54 32 43
11 55 108 124
11 56 45 62
11 57 19 27
11 58 54 76
12 13 90 101
12 14 65 71
12 15 54 57
12 16 82 109
12 17 93 113
12 18 75 109
12 19 38 54
12 20 82 119
12 21 111 135
12 22 92 107
12 23 66 88
12 24 155 201
12 25 89 122
12 26 196 275
12 27 19 24
12 28 43 64
12 30 85 86
12 31 51 54
12 32 36 49
12 34 78 86
12 35 72 83
12 36 130 136
12 37 159 180
12 38 76 97
12 40 92 135
12 41 99 130
12 42 66 90
12 43 41 45
12 44 64 78
12 45 64 82
12 46 100 138
12 47 79 110
12 48 91 123
12 49 71 106
12 52 17 22
12 53 69 91
12 54 20 23
12 55 123 182
12 56 24 26
12 57 36 39
13 14 136 180
13 16 59 69
13 17 120 131
13 18 59 59
13 19 56 80
13 20 128 137
13 21 48 67
13 23 80 112
13 24 73 108
13 26 108 114
13 27 94 117
13 28 110 116
13 29 57 79
13 30 79 114
13 31 76 79
13 32 53 57
13 33 62 72
13 35 59 78
13 36 42 49
13 38 53 65
13 39 42 55
13 40 61 77
13 42 75 76
13 43 49 52
13 44 30 31
13 45 78 103
13 47 45 53
13 49 83 118
13 50 102 134
13 52 73 77
13 53 25 34
13 54 110 125
13 55 48 52
13 56 103 117
13 57 95 133
13 58 40 44
14 15 117 134
14 16 146 178
14 18 91 127
14 19 98 129
14 21 170 189
14 22 156 158
14 23 67 89
14 24 208 213
14 25 66 76
14 26 243 277
14 27 48 56
14 28 26 26
14 29 78 115
14 30 151 164
14 31 62 63
14 32 88 88
14 33 83 105
14 34 86 87
14 37 210 220
14 39 155 231
14 40 155 217
14 41 162 172
14 42 71 77
14 43 97 143
14 45 67 90
14 46 162 164
14 47 140 152
14 48 152 210
14 49 69 98
14 50 48 48
14 51 245 264
14 52 78 107
14 53 123 158
14 54 64 88
14 55 178 228
14 56 41 54
14 57 99 132
14 58 129 151
15 16 28 41
15 17 128 166
15 18 82 110
15 19 19 22
15 20 126 148
15 21 60 68
15 22 38 41
15 23 90 130
15 24 105 141
15 25 118 176
15 26 151 172
15 27 69 102
15 28 92 118
15 29 59 87
15 31 77 82
15 32 35 48
15 34 90 91
15 35 18 26
15 36 98 118
15 37 111 124
15 38 80 102
15 39 44 51
15 40 38 52
15 41 45 57
15 42 86 128
15 43 26 30
15 44 49 64
15 45 87 99
15 46 47 60
15 47 26 33
15 48 39 39
15 49 95 115
15 50 104 105
15 52 38 42
15 54 68 82
15 55 73 78
15 56 76 77
15 57 41 52
15 58 19 25
16 17 154 207
16 18 102 113
16 19 47 54
16 20 153 153
16 21 39 56
16 22 10 12
16 23 114 135
16 24 85 95
16 25 142 162
16 26 134 173
16 27 97 110
16 28 120 164
16 33 101 104
16 34 111 163
16 35 10 12
16 36 94 118
16 37 93 125
16 38 98 127
16 39 25 35
16 40 10 11
16 41 16 19
16 42 110 138
16 43 51 68
16 45 111 165
16 47 14 15
16 48 19 25
16 50 130 139
16 51 141 180
16 53 40 53
16 54 95 112
16 55 54 59
16 58 23 24
17 18 62 63
17 19 109 130
17 20 23 23
17 21 165 167
17 23 41 61
17 25 16 18
17 26 218 244
17 27 74 99
17 28 56 79
17 30 166 179
17 32 93 97
17 33 58 86
17 34 53 71
17 35 146 178
17 36 141 153
17 37 192 198
17 38 67 100
17 39 154 178
17 41 168 216
17 43 103 111
17 44 94 134
17 45 43 53
17 46 164 215
17 47 144 177
17 48 153 218
17 50 24 35
17 51 217 290
17 52 96 121
17 53 119 170
17 54 104 144
17 55 168 215
17 56 74 108
17 57 129 186
17 58 132 132
18 19 67 79
18 20 73 77
18 21 105 120
18 22 110 157
18 23 25 30
18 24 131 161
18 25 47 47
18 26 157 200
18 27 66 84
18 28 69 99
18 29 29 29
18 30 118 131
18 31 30 38
18 32 51 55
18 33 8 10
18 34 9 12
18 35 96 133
18 36 80 104
18 38 5 6
18 39 96 98
18 40 108 124
18 42 20 28
18 43 58 62
18 44 36 41
18 45 24 26
18 46 108 161
18 47 89 132
18 48 96 113
18 50 47 58
18 51 157 183
18 52 67 76
18 53 63 88
18 54 95 123
18 55 107 143
18 56 73 109
18 58 79 90
19 22 58 84
19 23 71 77
19 24 117 152
19 25 99 138
19 26 160 225
19 27 50 72
19 28 73 95
19 29 41 54
19 30 57 80
19 31 58 70
19 32 16 21
19 33 63 86
19 34 74 98
19 35 38 50
19 36 98 142
19 37 121 130
19 38 65 67
19 39 58 85
19 40 57 69
19 41 63 92
19 42 68 78
19 43 9 10
19 44 38 51
19 45 68 87
19 46 64 75
19 48 54 80
19 49 76 102
19 50 84 112
19 51 164 180
19 52 21 30
19 53 32 35
19 55 85 125
19 56 58 77
19 57 39 56
19 58 31 40
20 21 169 207
20 22 163 210
20 24 202 259
20 25 35 50
20 26 231 264
20 28 41 43
20 29 73 86
20 30 162 209
20 31 52 64
20 32 91 121
20 33 67 69
20 34 66 76
20 35 144 160
20 36 154 180
20 37 202 264
20 38 79 107
20 39 157 206
20 40 162 172
20 41 168 182
20 42 54 78
20 43 101 137
20 45 50 69
20 46 166 176
20 47 144 161
20 48 155 201
20 50 26 32
20 51 231 247
20 52 90 122
20 53 122 172
20 54 89 106
20 55 175 181
20 56 60 77
20 57 119 172
20 58 133 134
21 22 34 48
21 24 46 53
21 25 151 174
21 26 95 129
21 27 123 174
21 30 55 56
21 31 117 170
21 32 81 115
21 33 107 127
21 34 115 162
21 35 47 48
21 36 66 85
21 37 54 76
21 38 100 108
21 39 16 21
21 40 32 34
21 42 119 147
21 43 72 86
21 44 71 92
21 45 121 168
21 46 19 27
21 47 34 37
21 48 21 26
21 49 127 170
21 50 144 199
21 51 102 105
21 52 95 101
21 53 47 69
21 54 128 184
21 55 15 22
21 56 131 148
21 57 100 148
21 58 42 54
22 23 123 133
22 25 151 180
22 27 108 149
22 28 131 193
22 29 92 104
22 30 21 21
22 31 112 148
22 32 71 98
22 33 110 117
22 34 119 145
22 35 20 29
22 36 95 133
22 37 88 100
22 38 106 140
22 40 3 4
22 41 7 8
22 43 61 73
22 44 73 84
22 45 120 158
22 46 15 15
22 47 20 25
22 48 18 19
22 49 127 178
22 50 140 183
22 51 136 148
22 52 77 80
22 54 105 105
22 55 50 65
22 57 72 94
22 58 31 34
23 24 153 211
23 25 28 35
23 27 52 55
23 28 48 49
23 29 31 43
23 30 127 165
23 31 15 19
23 32 55 56
23 34 18 25
23 35 106 119
23 38 30 42
23 39 113 160
23 40 121 160
23 41 127 166
23 42 5 6
23 45 3 3
23 46 123 183
23 47 103 126
23 48 112 129
23 49 5 6
23 50 22 25
23 51 182 207
23 52 64 84
23 53 78 109
23 54 83 121
23 55 128 184
23 56 56 74
23 57 99 107
23 58 92 111
24 25 178 241
24 26 50 69
24 27 163 222
24 28 182 193
24 29 131 143
24 30 100 131
24 31 150 224
24 32 121 146
24 33 135 180
24 34 140 184
24 35 93 111
24 37 10 12
24 38 125 154
24 39 62 79
24 40 77 106
24 41 73 76
24 43 114 161
24 44 103 105
24 45 151 181
24 46 64 94
24 47 80 104
24 48 68 75
24 49 156 209
24 50 175 210
24 53 86 111
24 54 172 185
24 55 32 33
24 56 172 227
24 57 146 164
24 58 86 118
25 26 201 235
25 27 71 81
25 28 58 71
25 29 59 59
25 30 156 207
25 31 41 44
25 32 83 92
25 33 43 51
25 34 37 40
25 35 135 162
25 36 125 159
25 37 177 239
25 38 52 59
25 39 140 197
25 40 150 187
25 41 156 186
25 42 32 39
25 43 92 116
25 44 80 94
25 45 31 44
25 46 151 209
25 47 131 143
25 48 140 205
25 49 24 28
25 50 21 22
25 51 201 295
25 52 89 99
25 53 106 112
25 54 102 147
25 56 73 88
25 57 123 177
26 27 202 228
26 28 218 318
26 29 165 200
26 30 150 224
26 32 161 230
26 33 163 222
26 34 165 232
26 35 142 190
26 36 76 91
26 37 41 58
26 38 151 187
26 39 110 146
26 40 127 190
26 42 176 261
26 43 155 180
26 44 138 168
26 45 180 219
26 46 114 137
26 47 127 133
26 48 116 169
26 50 204 270
26 51 10 14
26 52 179 211
26 53 127 168
26 54 215 258
26 55 80 111
26 56 211 239
26 57 193 280
26 58 132 192
27 28 24 33
27 29 41 50
27 30 103 136
27 31 38 53
27 32 42 55
27 33 58 80
27 34 67 94
27 35 87 123
27 36 132 134
27 37 167 184
27 38 68 98
27 39 108 121
27 40 107 146
27 41 114 120
27 42 53 65
27 43 50 63
27 44 65 89
27 46 114 127
27 47 92 112
27 48 104 113
27 49 56 74
27 50 51 55
27 51 205 270
27 52 30 43
27 53 77 99
27 54 31 45
27 55 132 173
27 56 9 10
27 57 56 67
27 58 81 95
28 29 53 58
28 30 127 166
28 31 39 48
28 32 62 88
28 33 61 62
28 34 66 82
28 35 111 140
28 37 184 212
28 38 73 82
28 39 129 139
28 40 130 140
28 41 137 194
28 42 51 57
28 43 71 105
28 44 80 90
28 45 47 54
28 46 136 170
28 48 126 127
28 49 51 69
28 50 37 37
28 51 220 301
28 52 53 72
28 53 97 134
28 54 48 60
28 55 152 192
28 56 19 22
28 57 79 101
29 30 96 131
29 32 24 34
29 33 23 34
29 35 75 82
29 36 92 118
29 37 132 151
29 38 29 32
29 39 84 85
29 41 97 108
29 42 27 38
29 43 33 34
29 45 28 36
29 46 94 126
29 47 73 92
29 48 82 97
29 49 35 40
29 50 48 59
29 51 167 188
29 52 37 44
29 53 49 56
29 54 67 74
29 55 102 106
29 56 49 68
29 57 72 89
29 58 61 71
30 31 115 140
30 32 72 102
30 33 116 136
30 34 127 171
30 36 114 127
30 37 109 162
30 38 115 117
30 39 44 59
30 40 24 34
30 42 124 178
30 43 63 83
30 44 83 94
30 45 124 148
30 46 36 46
30 47 33 44
30 48 38 48
30 49 132 197
30 50 142 202
30 51 158 231
30 52 73 85
30 53 59 78
30 54 94 98
30 55 71 91
30 56 110 132
30 57 58 78
30 58 41 47
31 32 42 61
31 33 22 29
31 34 29 37
31 35 95 116
31 36 107 136
31 37 151 158
31 38 34 49
31 39 104 153
31 40 111 164
31 41 117 142
31 42 14 16
31 43 52 76
31 44 47 60
31 45 12 12
31 46 114 114
31 47 93 127
31 48 103 122
31 50 27 33
31 51 183 232
31 52 49 71
31 53 70 86
31 54 68 81
31 55 122 159
31 56 43 59
31 57 84 120
31 58 82 105
32 33 47 67
32 34 58 72
32 35 52 52
32 36 94 139
32 37 125 160
32 38 50 56
32 39 67 90
32 40 70 98
32 41 76 110
32 42 51 72
32 43 9 12
32 44 28 28
32 45 52 71
32 46 75 93
32 47 53 54
32 48 64 93
32 49 60 85
32 50 69 97
32 51 164 234
32 52 20 21
32 54 56 71
32 55 90 131
32 56 51 68
32 57 51 69
32 58 41 50
33 34 11 12
33 35 94 120
33 36 87 87
33 37 135 157
33 39 97 131
33 40 107 145
33 41 113 151
33 42 13 17
33 43 54 69
33 44 37 54
33 45 17 22
33 46 108 122
33 47 89 91
33 48 97 100
33 49 20 22
33 50 41 54
33 51 163 240
33 52 61 81
33 53 63 72
33 55 110 121
33 56 65 89
33 57 96 103
33 58 78 107
34 36 89 108
34 37 139 164
34 39 106 107
34 40 117 159
34 41 123 135
34 43 65 85
34 44 46 51
34 45 19 23
34 46 117 141
34 50 40 45
34 51 165 192
34 52 71 99
34 53 72 78
34 54 96 134
34 57 106 117
34 58 88 94
35 36 97 119
35 37 101 125
35 38 93 131
35 39 32 37
35 40 20 23
35 41 27 34
35 42 102 106
35 43 43 47
35 44 60 67
35 45 103 107
35 47 15 22
35 48 26 33
35 49 111 124
35 51 148 160
35 52 57 85
35 53 37 51
35 56 95 138
35 57 53 78
35 58 19 24
36 37 56 70
36 38 75 98
36 39 71 90
36 40 92 133
36 41 93 109
36 42 100 103
36 43 91 131
36 44 67 79
36 45 104 126
36 46 83 83
36 49 106 156
36 50 128 179
36 51 76 80
36 52 114 123
36 53 67 88
36 54 151 192
36 55 56 58
36 56 141 183
36 57 137 156
37 38 124 177
37 39 69 79
37 40 85 100
37 41 82 109
37 42 148 216
37 43 118 158
37 44 104 120
37 45 151 162
37 47 86 105
37 48 75 99
37 49 155 165
37 51 48 69
37 52 142 208
37 53 90 102
37 54 177 253
37 55 39 54
37 56 176 224
37 58 92 95
38 39 91 109
38 41 109 142
38 42 25 25
38 43 56 64
38 44 32 47
38 45 29 29
38 46 103 152
38 47 86 116
38 48 92 104
38 49 31 32
38 50 52 77
38 51 152 189
38 52 67 91
38 53 59 67
38 56 76 76
38 57 101 115
39 40 21 27
39 41 22 32
39 43 57 60
39 44 60 81
39 45 110 124
39 46 13 13
39 47 18 19
39 48 6 8
39 49 116 136
39 50 132 165
39 52 79 104
39 53 34 38
39 54 112 116
39 55 30 34
39 56 116 139
39 57 84 99
39 58 26 28
40 41 6 8
40 42 117 119
40 43 60 60
40 44 71 83
40 45 118 131
40 46 12 17
40 47 18 21
40 48 15 19
40 49 125 159
40 50 138 138
40 51 134 150
40 52 77 113
40 53 45 52
40 54 105 134
40 55 47 59
40 56 115 154
40 57 73 88
40 58 29 39
41 42 123 172
41 43 66 97
41 44 76 108
41 46 10 13
41 47 24 28
41 48 18 20
41 49 131 171
41 50 145 198
41 51 131 177
41 52 84 90
41 53 50 55
41 54 111 165
41 55 45 46
41 56 122 149
41 57 79 96
41 58 35 39
42 44 48 61
42 45 4 5
42 46 119 132
42 47 99 139
42 48 107 129
42 49 8 9
42 50 27 32
42 51 177 192
42 52 62 82
42 53 73 87
42 54 83 91
42 55 122 158
42 56 58 82
42 57 97 110
42 58 87 106
43 45 61 82
43 47 43 63
43 48 55 72
43 49 69 93
43 51 159 161
43 52 24 32
43 53 28 33
43 54 60 76
43 55 82 116
43 56 59 59
43 57 48 58
43 58 32 44
44 45 50 68
44 46 71 83
44 47 53 69
44 48 60 73
44 49 56 77
44 50 73 82
44 51 140 149
44 52 49 67
44 53 26 26
44 54 84 119
44 55 75 103
44 56 74 101
44 58 43 58
45 46 121 145
45 47 100 106
45 48 109 134
45 49 8 10
45 51 181 193
45 52 61 66
45 53 75 85
45 54 81 89
45 55 125 170
45 56 55 73
45 57 96 124
45 58 89 97
46 47 22 23
46 48 11 11
46 49 127 145
46 50 142 147
46 51 121 144
46 53 45 60
46 54 115 150
46 55 35 46
46 56 122 175
46 57 84 123
46 58 33 45
47 48 13 13
47 49 107 128
47 50 120 168
47 51 133 144
47 52 62 89
47 53 27 35
47 54 94 134
47 55 48 52
47 57 65 80
48 49 116 159
48 50 130 169
48 51 122 149
48 52 75 102
48 53 34 50
48 54 107 107
48 55 36 49
48 56 113 162
48 57 78 99
48 58 22 26
49 50 22 31
49 51 183 225
49 52 69 87
49 53 82 115
49 56 61 65
49 58 96 143
50 51 204 245
50 52 72 85
50 53 97 100
50 54 81 81
50 55 149 199
50 56 51 75
50 57 104 133
50 58 109 118
51 52 183 256
51 53 131 158
51 55 86 96
51 56 214 288
51 57 198 262
52 53 52 73
52 54 36 52
52 56 38 55
52 57 35 40
52 58 53 67
53 54 88 97
53 55 55 79
53 56 86 117
53 57 70 81
53 58 18 22
54 55 140 169
54 56 30 38
54 57 37 40
54 58 86 99
55 56 141 188
55 58 54 75
56 58 90 134
57 58 60 84
