59
60.03612349870082
80.0
23
41
34
43
14
55
10
39
31
15
1
56
6
50
8
12
17
24
57
49
5
11
35
9
5
55
22
50
8
57
0 1 146.0 173.8429564295333
0 2 145.0 151.22800369070953
0 3 181.0 259.7587715777555
0 5 147.0 177.90412840450637
0 6 76.0 113.9691360390579
0 7 100.0 111.81651080987965
0 8 195.0 261.5105163097651
0 9 151.0 217.21364426405495
0 10 49.0 68.95922369444618
0 11 84.0 115.9013039243882
0 12 64.0 85.86649835250807
0 13 114.0 165.69367517553016
0 14 29.0 29.64651825978001
0 15 108.0 141.8401773701904
0 16 135.0 167.58540052717305
0 17 32.0 35.26942382417434
0 18 64.0 74.0787457947674
0 19 88.0 102.2872015579298
0 20 18.0 26.263448279167164
0 21 153.0 181.23482995571354
0 22 145.0 183.3239594916562
0 23 39.0 42.18731663779667
0 24 188.0 199.98388877837422
0 26 219.0 296.18161619486733
0 27 44.0 44.23952782633057
0 28 24.0 24.412756492260005
0 29 57.0 67.07538462182795
0 30 144.0 203.47034986640466
0 31 38.0 46.30117333383624
0 32 74.0 110.97247827230284
0 34 58.0 64.61109396754995
0 35 126.0 182.55060974328634
0 37 189.0 207.56452023755168
0 38 69.0 72.07254183562794
0 39 140.0 159.85830008139368
0 41 151.0 183.36404469303162
0 43 84.0 94.40026458329268
0 44 85.0 93.0742589764893
0 46 149.0 221.63155401691884
0 47 127.0 177.48533951503867
0 48 138.0 155.01146840077757
0 49 40.0 52.56773558076211
0 50 19.0 22.96542272358625
0 52 71.0 84.83129410363647
0 53 106.0 112.69274662885447
0 54 72.0 97.59303124458516
0 55 160.0 202.56182772832295
0 56 42.0 53.65740782607055
0 57 101.0 135.1873601256086
0 58 116.0 150.49203970650063
1 2 35.0 44.790086821268794
1 3 40.0 58.790118426831626
1 4 80.0 94.62376125251612
1 5 40.0 43.37540428308613
1 7 51.0 76.36314181850227
1 8 67.0 98.25325750232015
1 9 30.0 32.80090931664827
1 10 109.0 112.52392214489477
1 11 99.0 115.028962504801
1 12 112.0 119.43028517859344
1 15 65.0 78.15038906382789
1 18 92.0 136.67017232252272
1 19 74.0 103.68391352476627
1 22 50.0 67.86935015517187
1 23 113.0 126.49752439467731
1 24 43.0 61.602276810875594
1 25 139.0 143.3472791823585
1 26 86.0 114.4363618464933
1 27 120.0 160.85340950633258
1 28 139.0 208.0090547887108
1 29 88.0 105.24849471740488
1 31 108.0 149.43368176158316
1 32 78.0 103.57124476519878
1 33 95.0 131.10402527203982
1 34 102.0 140.33660678754637
1 35 57.0 58.5043940699329
1 37 47.0 59.84050274267302
1 38 87.0 102.03184854032386
1 39 27.0 38.33301864667267
1 40 47.0 58.20979716165472
1 41 47.0 70.33501075585156
1 42 108.0 108.62009798196665
1 43 71.0 99.66876892314572
1 44 61.0 89.4216897334113
1 45 111.0 139.87674452638822
1 48 33.0 42.38591811948302
1 49 116.0 123.91086421501248
1 50 134.0 162.440750170582
1 51 91.0 116.4977760212908
1 52 95.0 119.27064283300547
1 54 130.0 161.58990395065268
1 57 106.0 129.87427215479582
1 58 45.0 53.250587036044706
2 3 69.0 74.41396609811703
2 4 69.0 85.31626329925375
2 5 5.0 7.396259597144645
2 6 129.0 163.40692869875346
2 7 45.0 49.576704111179765
2 8 100.0 104.71696670657515
2 9 66.0 71.9744111985908
2 10 100.0 136.31942041902323
2 11 79.0 86.43758867487122
2 12 97.0 104.17979091917769
2 13 52.0 73.30325013725782
2 14 158.0 232.23957504931482
2 15 43.0 53.10430789239762
2 16 19.0 20.023567839101872
2 17 160.0 177.0379110275272
2 18 104.0 120.46308055299168
2 19 60.0 88.68189746154137
2 21 20.0 20.623784871892905
2 22 15.0 19.724523972647237
2 23 119.0 168.5887995447086
2 24 66.0 93.63194947082535
2 26 115.0 117.31104638599263
2 28 132.0 133.7840139084782
2 30 36.0 46.32805212806564
2 31 110.0 164.8270621414556
2 32 71.0 77.98555235150667
2 33 104.0 119.46614940372359
2 34 113.0 124.851946246477
2 35 28.0 29.158327016911528
2 36 81.0 108.7646712296775
2 37 74.0 81.98903917090487
2 38 99.0 138.43165955096924
2 39 10.0 10.734967744290033
2 40 12.0 15.76966605357631
2 41 12.0 15.89886491489369
2 43 61.0 80.33775402700707
2 44 67.0 70.84792956285035
2 45 116.0 131.57390773718018
2 46 4.0 5.845552909857208
2 47 18.0 21.61976533132716
2 48 7.0 9.515856137310358
2 49 123.0 123.79192904784487
2 50 137.0 203.7559817361743
2 51 122.0 160.65778703783533
2 52 81.0 118.33700957889025
2 53 41.0 46.67511204711286
2 54 111.0 113.90150215519516
2 55 35.0 42.38266484198299
2 56 119.0 129.14716886184166
2 57 81.0 82.14907694662767
2 58 29.0 33.12034368359049
3 4 120.0 121.8922274636511
3 5 73.0 73.88734047914016
3 6 189.0 260.84202799543914
3 9 33.0 33.85040863506342
3 11 140.0 182.89144707180918
3 12 152.0 217.0811276760898
3 13 67.0 79.327065902205
3 14 203.0 287.2427590281914
3 16 88.0 124.24162180966499
3 17 185.0 234.33024225101792
3 18 122.0 128.47739059018443
3 19 115.0 124.09311658132783
3 20 195.0 215.25487494840533
3 21 49.0 68.52694076953455
3 22 84.0 85.59506951581926
3 23 146.0 208.8635036012405
3 24 13.0 14.241116085564595
3 25 169.0 233.33426845125365
3 26 46.0 56.2473498236001
3 27 160.0 217.27285313852832
3 28 177.0 188.90818829630473
3 29 125.0 131.98849540042463
3 30 105.0 151.58510738272545
3 31 143.0 173.50684507724475
3 32 118.0 165.69256549338508
3 33 127.0 185.36686184310997
3 34 131.0 150.95801596630335
3 35 96.0 126.29353974134615
3 36 49.0 61.31033138840127
3 37 7.0 9.859854257797467
3 38 117.0 165.517606111062
3 39 63.0 69.13200994980224
3 41 78.0 107.6690486626069
3 42 140.0 156.52898161867822
3 44 97.0 121.05059468725852
3 45 144.0 184.082547631549
3 46 69.0 93.10691553903287
3 47 81.0 91.44115517372796
3 48 70.0 88.9411004130621
3 49 148.0 171.03545582079357
3 50 168.0 230.3174139990333
3 52 135.0 169.46688233322985
3 53 83.0 91.83546604130291
3 54 170.0 199.18992609980936
3 55 34.0 46.306560875578576
3 57 147.0 187.43728284918092
3 58 86.0 121.99492209492503
4 5 71.0 73.65828698058185
4 6 70.0 77.47058107637224
4 7 29.0 34.72374077383059
4 8 141.0 153.9664601745767
4 9 96.0 116.54079677752122
4 10 31.0 36.45160030207421
4 11 27.0 34.51871075002633
4 12 32.0 41.77620949393844
4 13 57.0 78.55302925605469
4 14 89.0 100.19658260372543
4 15 31.0 31.65971635792705
4 16 58.0 70.94871398905174
4 18 57.0 67.89792803927094
4 19 11.0 16.32313377557263
4 20 94.0 117.63197150809413
4 21 81.0 106.41810347623534
4 22 68.0 78.8755943319345
4 23 60.0 89.78984543268751
4 24 123.0 142.06991984203677
4 25 88.0 111.10465228682446
4 26 164.0 232.67260548179735
4 27 41.0 42.315100259263176
4 28 63.0 94.16232010462318
4 29 30.0 41.012875569962695
4 30 68.0 92.79032636163265
4 31 47.0 60.85969796343483
4 32 6.0 8.325533419464465
4 33 53.0 78.52940023066728
4 34 64.0 94.20760082730354
4 36 98.0 108.46080773434126
4 37 127.0 143.6112014659183
4 38 56.0 78.38475668228985
4 39 66.0 68.70135647556009
4 40 67.0 77.7461090206912
4 41 74.0 79.06511843619255
4 42 57.0 73.09342161792519
4 43 9.0 12.858055603994803
4 44 33.0 44.71371030516225
4 45 57.0 82.75093970718221
4 46 73.0 103.49101491943385
4 47 51.0 70.05229170338697
4 48 63.0 63.486554609901894
4 49 65.0 70.4202295628143
4 50 73.0 73.34971306178048
4 51 167.0 180.18071201798804
4 52 16.0 16.093850824306593
4 53 37.0 40.14278166131653
4 54 52.0 62.05500969466637
4 55 91.0 111.14363270289886
4 56 50.0 74.89030532856427
4 57 45.0 52.626469209710166
4 58 40.0 55.23465676214066
5 6 128.0 139.50323613639534
5 7 48.0 71.91674863784695
5 8 104.0 150.471964551122
5 9 71.0 77.04428181716764
5 10 102.0 104.20425316152202
5 11 79.0 113.37404942261452
5 12 97.0 117.24803694870822
5 13 57.0 62.73292325262588
5 14 160.0 161.05710043269193
5 15 43.0 59.416131885600365
5 16 17.0 23.686998034677533
5 17 163.0 243.18698615309472
5 18 107.0 109.06857464363388
5 19 61.0 79.92860334993031
5 20 164.0 181.84679223689682
5 21 24.0 32.64813517217308
5 22 10.0 11.441092189734514
5 24 69.0 93.10580788807468
5 25 151.0 153.53247675722653
5 26 119.0 174.23811968385326
5 27 111.0 140.50727754831547
5 28 134.0 196.92825728958672
5 29 92.0 114.32802542928347
5 30 31.0 33.75497715040621
5 31 113.0 129.63436043358632
5 33 108.0 124.05624590709891
5 34 117.0 152.60948495600806
5 35 27.0 31.312107160440664
5 36 86.0 86.09318839647054
5 38 103.0 139.26993891846982
5 39 15.0 16.81722461277786
5 40 8.0 9.444640861636202
5 41 7.0 8.358884124869473
5 42 118.0 126.76324279921155
5 43 63.0 72.60075509519815
5 44 71.0 76.74910800573777
5 46 4.0 5.1901782495548705
5 47 20.0 26.231033593535095
5 48 11.0 12.022865915514931
5 49 126.0 147.3394730929804
5 50 140.0 160.2643308766035
5 51 126.0 177.72700981992952
5 52 82.0 94.89498405759022
5 53 44.0 59.5171284322388
5 54 111.0 122.73300767594901
5 55 39.0 49.852586678460916
5 56 120.0 128.74261257670298
5 57 80.0 83.57121527345004
5 58 31.0 31.4183736516184
6 7 98.0 102.04511101727951
6 8 212.0 312.0688553318159
6 9 167.0 203.45182722771438
6 10 50.0 54.46899005927364
6 11 50.0 60.71097404606566
6 12 38.0 54.18297388086064
6 13 128.0 137.67806716786248
6 14 61.0 64.55773680227489
6 15 86.0 99.73972443644384
6 16 112.0 115.99299755089444
6 17 109.0 159.6024823501605
6 18 109.0 158.61058896295842
6 19 74.0 92.46466521418562
6 20 92.0 110.93018923505382
6 21 146.0 213.89639456535846
6 22 121.0 158.74689502920765
6 23 95.0 108.82018277448597
6 24 190.0 236.1467876764065
6 25 110.0 121.10650876531719
6 27 43.0 55.46855110422072
6 28 53.0 62.147890429390245
6 29 83.0 97.66713332005156
6 30 109.0 145.14118336949184
6 31 81.0 100.29773181959406
6 32 74.0 84.65678959360773
6 33 101.0 120.78168050700489
6 34 110.0 160.15911220922177
6 35 101.0 129.65987535442602
6 36 169.0 230.67812840321395
6 37 195.0 267.59724266465065
6 38 111.0 155.32790497754556
6 39 130.0 167.61001096808107
6 40 122.0 147.856877969657
6 42 96.0 116.64257765506463
6 43 79.0 92.96716067310105
6 44 102.0 111.0604788763531
6 45 93.0 139.25038411430168
6 46 132.0 181.9275594812136
6 47 112.0 162.71446554185445
6 48 125.0 167.57660592026863
6 49 99.0 122.41887639731792
6 50 89.0 121.49794880952508
6 51 238.0 313.65034129971747
6 52 54.0 64.31148923226158
6 53 106.0 118.70084604787661
6 54 18.0 25.422575741512215
6 55 158.0 191.13157816391086
6 56 38.0 52.660375056628126
6 57 51.0 69.6400252786717
6 58 104.0 104.64531462485594
7 8 114.0 135.78391406646313
7 10 59.0 68.27713522784603
7 11 50.0 53.95200012339617
7 12 61.0 90.83463104847064
7 13 32.0 39.512344803247025
7 14 116.0 119.59460298269495
7 15 26.0 36.577851621684275
7 16 40.0 54.443076060970526
7 17 115.0 118.17865992287346
7 18 61.0 74.14297928005996
7 19 24.0 33.92824652143564
7 20 117.0 164.65489576866167
7 22 49.0 69.6722100301521
7 23 74.0 81.05698896690733
7 24 94.0 118.65954454304435
7 25 103.0 144.04164722594936
7 26 135.0 136.31295411418455
7 27 70.0 93.44507801901284
7 28 90.0 129.2471738020489
7 29 44.0 56.14707266107718
7 30 57.0 71.6294697578521
7 31 65.0 78.13465756509274
7 32 27.0 35.95223143566655
7 33 60.0 86.09318886798559
7 34 70.0 85.14169097002689
7 35 35.0 46.47072387834978
7 36 74.0 90.30174573493733
7 37 98.0 111.2866196865546
7 39 39.0 51.04914949718176
7 40 47.0 70.24127900955624
7 41 53.0 66.08159566349849
7 42 70.0 83.67462793037613
7 43 20.0 22.693221500091923
7 44 25.0 28.187835638832393
7 45 71.0 95.5739234523143
7 46 49.0 57.50671153073085
7 47 28.0 32.765402674263775
7 49 78.0 93.98183327706552
7 51 139.0 192.97034775192932
7 53 8.0 10.970823339142914
7 54 80.0 98.58722328838513
7 55 62.0 91.27208311857339
7 56 78.0 99.15239353651683
7 57 62.0 75.54268413006365
7 58 17.0 21.803458352844675
8 9 45.0 48.14604563151623
8 10 168.0 205.21656566138955
8 11 164.0 164.2849643229977
8 12 174.0 260.19573419151425
8 13 85.0 126.47867743801751
8 14 219.0 322.5520750165964
8 15 132.0 139.9874551217635
8 16 118.0 137.0837049281396
8 17 193.0 241.32742374632198
8 18 132.0 188.76036913692388
8 19 138.0 167.8476113710762
8 20 206.0 269.65297884994146
8 21 79.0 110.48817064219622
8 22 114.0 160.51556062819827
8 23 157.0 213.32195720723414
8 24 41.0 43.25745732180708
8 25 176.0 193.4583929214978
8 26 25.0 34.182800759380875
8 27 179.0 262.4400622023076
8 28 194.0 282.7555290975294
8 29 141.0 175.78492710803462
8 30 135.0 144.58250962638027
8 31 157.0 214.28067593621708
8 33 138.0 158.18553658720901
8 34 140.0 186.94881075054897
8 35 124.0 146.1256910826479
8 36 51.0 59.41922346814177
8 37 31.0 45.885029438541665
8 38 126.0 144.21289689212284
8 40 111.0 157.68055527031055
8 41 109.0 139.2746107471029
8 42 151.0 194.10439180521402
8 43 133.0 182.53891503815365
8 44 114.0 147.94692906270285
8 45 155.0 222.56692691129777
8 47 109.0 116.56602617592125
8 48 99.0 112.71241724649207
8 49 157.0 220.93867941661293
8 50 179.0 179.39896582845026
8 51 26.0 28.252185097613072
8 52 157.0 186.83973059501076
8 53 105.0 139.44246135730478
8 54 194.0 288.9776921668803
8 55 64.0 78.24931856541113
8 56 188.0 242.85429611492435
8 57 173.0 243.02710840473702
8 58 112.0 121.47547781353572
9 10 123.0 155.4916585222719
9 14 174.0 256.64389134076464
9 15 90.0 105.71597328669546
9 16 82.0 100.57629864247265
9 17 152.0 167.24667972652023
9 18 90.0 93.89829941491162
9 19 94.0 114.2737091513883
9 21 50.0 56.21654473948078
9 22 81.0 88.8255273868977
9 24 44.0 45.10112861021504
9 25 136.0 182.87985385716001
9 26 69.0 76.81823644572013
9 27 133.0 165.0234772777515
9 28 149.0 151.4513548259855
9 29 96.0 101.87126539086933
9 30 101.0 149.3388370614656
9 31 113.0 145.2400050045463
9 33 95.0 126.31525815661318
9 34 99.0 100.0105568743132
9 35 86.0 89.38870324433155
9 36 18.0 24.008475601088968
9 37 41.0 42.63182545955828
9 38 84.0 89.52827729211617
9 39 57.0 68.45588416181967
9 40 78.0 91.03318384706314
9 41 78.0 89.78077796623762
9 42 108.0 112.49837009396443
9 43 88.0 119.40496136889479
9 45 112.0 113.2508977122985
9 46 68.0 79.53954143322278
9 47 70.0 89.23867473024642
9 48 63.0 78.620024363246
9 49 115.0 136.87114397476253
9 50 136.0 169.6714210350816
9 51 71.0 84.09337778636468
9 52 112.0 160.73334172499054
9 53 61.0 82.17227739356127
9 54 149.0 157.92981538681326
9 55 38.0 48.05051721474053
9 56 142.0 170.81337353980652
9 57 131.0 177.50211871411813
9 58 71.0 79.86559477626678
10 11 35.0 48.57814734331938
10 12 18.0 26.72268312396929
10 13 83.0 96.40484642741114
10 14 58.0 82.01039653274536
10 15 60.0 67.96491382032399
10 16 88.0 120.58339630501456
10 17 76.0 97.37456414862851
10 18 59.0 85.63560867796419
10 19 40.0 46.536592142572076
10 20 68.0 83.88448568924312
10 21 112.0 159.9138420502474
10 23 48.0 65.98755755575878
10 24 152.0 168.88780467059485
10 25 71.0 90.40329113237904
10 26 191.0 211.58144288913152
10 27 11.0 11.97724097614364
10 28 32.0 38.29414667954126
10 29 32.0 38.26946081617942
10 30 95.0 128.300465432334
10 31 33.0 38.434726112724675
10 32 31.0 40.08561209998
10 33 51.0 60.67440306715537
10 34 60.0 81.48985806865299
10 35 78.0 89.49321066965346
10 36 121.0 126.15758487454639
10 37 156.0 175.80401720135907
10 39 97.0 136.3075599999192
10 40 97.0 98.15071117503517
10 41 104.0 124.99692927559852
10 42 48.0 55.523595717548844
10 43 39.0 42.43368796894487
10 44 54.0 68.41781810765436
10 45 45.0 53.27479355315831
10 46 104.0 146.77429279867698
10 47 82.0 102.70888679744534
10 49 53.0 74.87714543097647
10 50 51.0 71.0937779590823
10 52 22.0 29.554706596796013
10 53 66.0 73.54509357955348
10 54 36.0 51.34977011243133
10 55 122.0 178.68407960385426
10 56 20.0 29.74618278079828
10 58 71.0 102.91420005939983
11 12 21.0 21.679310771045547
11 13 82.0 85.7617352819867
11 14 87.0 96.11864251855776
11 15 36.0 49.10981897420198
11 16 63.0 64.39885098335412
11 17 111.0 159.03442305569996
11 19 25.0 32.269760156721524
11 20 102.0 143.85969151595458
11 21 96.0 102.78123283166687
11 22 73.0 89.07784528012273
11 23 80.0 105.35259971481922
11 24 140.0 188.3104349296995
11 25 105.0 127.25465943130487
11 26 185.0 198.85149681883732
11 27 40.0 51.82260851156151
11 28 64.0 84.30503355533085
11 29 53.0 69.34042558483813
11 30 64.0 84.17063035802826
11 31 65.0 73.50908779589524
11 32 33.0 41.93104049424428
11 33 77.0 79.13518657783642
11 34 87.0 127.23803657958234
11 35 52.0 59.449227087973966
11 36 124.0 148.52378102746553
11 37 146.0 200.15009715455244
11 38 82.0 92.60058310344488
11 39 80.0 117.09915289772749
11 40 73.0 74.77754660808488
11 41 80.0 89.50326264015422
11 42 78.0 113.47751073528708
11 43 33.0 42.51686773664814
11 44 61.0 83.03020337144167
11 45 77.0 107.52816904437962
11 46 83.0 106.1205885528991
11 47 62.0 68.33477820397815
11 48 75.0 102.52895443075843
11 49 85.0 98.46551990908289
11 51 190.0 220.87242160856752
11 52 16.0 18.70295171905766
11 53 58.0 80.42923530008228
11 54 32.0 39.10609982327981
11 55 108.0 150.66386503891977
11 56 45.0 51.96558998982477
11 58 54.0 54.00667805664266
12 13 90.0 99.19167381571992
12 15 54.0 66.45703432986342
12 17 93.0 102.63618599293075
12 18 75.0 84.83677297647621
12 19 38.0 55.1551371006558
12 20 82.0 112.9618040804202
12 22 92.0 100.35998694991086
12 23 66.0 82.82386482505083
12 24 155.0 227.27321864004477
12 25 89.0 131.28487287389154
12 26 196.0 246.73301541830327
12 27 19.0 26.013084645161214
12 28 43.0 46.79559247896102
12 30 85.0 120.1248800345047
12 31 51.0 69.58342375808046
12 32 36.0 37.95701700766783
12 33 68.0 98.93053849361993
12 34 78.0 79.36442294745262
12 35 72.0 95.84264111978084
12 36 130.0 160.91699138515708
12 37 159.0 188.0921695633063
12 38 76.0 77.54373820009967
12 39 96.0 112.2273850426948
12 40 92.0 131.71996387703385
12 41 99.0 111.86392642172044
12 42 66.0 89.91430266063516
12 43 41.0 57.71211183647088
12 44 64.0 73.83629039705274
12 45 64.0 88.55438028583411
12 46 100.0 135.17203037114538
12 47 79.0 88.74507153801767
12 48 91.0 113.19711917118386
12 49 71.0 77.1171784007107
12 50 69.0 89.9509436855585
12 51 200.0 215.50332232031147
12 52 17.0 21.892350325470765
12 53 69.0 76.40672230817898
12 54 20.0 26.018781885920824
12 55 123.0 137.1876822174314
12 57 36.0 37.034436019002584
12 58 69.0 87.90864057098887
13 14 136.0 141.37749995803622
13 15 57.0 61.6526902314833
13 16 59.0 74.35773806450094
13 17 120.0 137.8014419315926
13 18 59.0 59.83319184507255
13 19 56.0 74.77697011571242
13 20 128.0 170.57155340576907
13 21 48.0 70.18711467568357
13 22 64.0 87.32789292652964
13 23 80.0 91.80698039335599
13 24 73.0 105.37379080078975
13 25 106.0 145.58727784070274
13 26 108.0 124.62049244792526
13 27 94.0 95.74467636771021
13 28 110.0 123.83368704203244
13 29 57.0 83.45152955950027
13 30 79.0 105.49047325721769
13 32 53.0 57.33012140599387
13 33 62.0 82.48458760923555
13 34 68.0 86.48890715251747
13 35 59.0 62.76864811287642
13 37 74.0 99.76933533658202
13 38 53.0 57.98268552891873
13 40 61.0 88.34107915844125
13 41 64.0 75.16309949383441
13 42 75.0 75.07114210627459
13 43 49.0 61.70188194301748
13 44 30.0 36.470823082301564
13 45 78.0 106.45222049527403
13 46 56.0 72.08163935667271
13 47 45.0 56.3860451227212
13 48 46.0 61.31305976044384
13 49 83.0 98.82303491375517
13 50 102.0 136.0829211373812
13 51 111.0 117.14072829099759
13 52 73.0 98.06093278042272
13 53 25.0 37.48431617615019
13 54 110.0 130.78222049419125
13 55 48.0 55.946290074678814
13 56 103.0 128.76922427946005
13 57 95.0 108.13010096443139
13 58 40.0 54.90624044456521
14 15 117.0 161.38551589240353
14 17 58.0 76.71148200559688
14 18 91.0 132.7079854866793
14 19 98.0 109.08425047088431
14 20 35.0 42.478586731961606
14 21 170.0 206.73879897524864
14 22 156.0 172.06311482014874
14 23 67.0 86.84848955873127
14 24 208.0 244.81521927731342
14 25 66.0 69.3305079619809
14 26 243.0 311.93736788774754
14 27 48.0 63.0259947835497
14 28 26.0 30.232160022271884
14 29 78.0 96.17879513040313
14 30 151.0 152.15917376381844
14 31 62.0 68.24426066935338
14 32 88.0 130.36232445016165
14 33 83.0 121.88984529450086
14 34 86.0 95.33548985005622
14 36 169.0 188.04578825803392
14 37 210.0 295.71209650433605
14 38 95.0 123.16160405202287
14 39 155.0 189.5861593001839
14 40 155.0 195.6832530083775
14 41 162.0 195.38979882420844
14 42 71.0 82.53633932043715
14 43 97.0 143.77591672591782
14 44 105.0 149.47817088154426
14 45 67.0 97.52390206101157
14 47 140.0 185.65319700448708
14 48 152.0 206.1604355778856
14 49 69.0 102.27014471166228
14 50 48.0 48.76601627634638
14 51 245.0 258.90569326825636
14 52 78.0 92.07976157091734
14 53 123.0 152.71388107504498
14 54 64.0 72.08624783376575
14 56 41.0 56.163576216098534
14 57 99.0 111.82065122863496
14 58 129.0 130.58080223175654
15 16 28.0 35.01838455538232
15 17 128.0 187.5703179713857
15 18 82.0 91.98817296115828
15 19 19.0 20.746732034279763
15 20 126.0 180.5911539254746
15 21 60.0 68.6793465309517
15 22 38.0 53.155241340144926
15 23 90.0 121.59134535355308
15 24 105.0 157.1091605437987
15 25 118.0 131.47586213328302
15 26 151.0 215.64682447802818
15 28 92.0 98.07356891504594
15 29 59.0 84.70511140514763
15 30 37.0 39.81228162789584
15 31 77.0 103.7180501994623
15 32 35.0 44.86457129640847
15 33 80.0 98.82037410810906
15 34 90.0 99.02716038622309
15 35 18.0 20.17213602183336
15 37 111.0 139.54308006286414
15 40 38.0 44.36744710257579
15 41 45.0 46.278962874756544
15 42 86.0 119.67414793274082
15 43 26.0 31.712822724155913
15 44 49.0 69.38119630268956
15 45 87.0 117.1237830630013
15 46 47.0 54.7341540047812
15 47 26.0 37.10400475490281
15 48 39.0 47.00207420910321
15 49 95.0 137.9067192029256
15 50 104.0 115.71991255194945
15 51 157.0 167.06620100319654
15 52 38.0 38.96657946405444
15 54 68.0 90.4164624788782
15 55 73.0 101.00894954817107
15 57 41.0 53.60615918744277
15 58 19.0 27.607425723194723
16 18 102.0 138.198658781263
16 19 47.0 56.84536207959841
16 20 153.0 198.37285754513704
16 21 39.0 50.08272220887406
16 22 10.0 12.841776165899553
16 23 114.0 159.8273078540624
16 24 85.0 113.6232948110764
16 25 142.0 162.51730610687966
16 26 134.0 163.02570788987268
16 27 97.0 132.68102253123556
16 28 120.0 142.59622731352366
16 29 83.0 110.23399050852636
16 30 20.0 23.74692616439067
16 31 103.0 108.48935975218687
16 32 61.0 88.861371170714
16 33 101.0 114.69871301637308
16 35 10.0 13.686795031851066
16 36 94.0 139.76786885518803
16 37 93.0 116.9866589833815
16 38 98.0 111.62483687065667
16 39 25.0 28.499997531710697
16 40 10.0 13.082860828648233
16 41 16.0 17.890688011779627
16 42 110.0 119.34127109637936
16 43 51.0 52.081982093408044
16 44 66.0 87.64649392486244
16 45 111.0 139.5191385696164
16 46 21.0 25.480918458347396
16 47 14.0 14.09447624149961
16 48 19.0 26.623888611978586
16 49 118.0 130.06713243243289
16 51 141.0 144.865712785039
16 52 67.0 94.59326241377477
16 53 40.0 46.72000205231221
16 54 95.0 114.84806437159419
16 55 54.0 64.79209772289987
16 56 105.0 147.49734253087283
16 57 63.0 94.1590621737509
16 58 23.0 26.314742576015213
17 18 62.0 92.78272809097774
17 19 109.0 150.13737621212815
17 21 165.0 211.82436367869263
17 22 163.0 183.43618716994123
17 24 193.0 258.3912470023773
17 25 16.0 21.896104215144707
17 26 218.0 308.3235235051566
17 27 74.0 106.69587124388273
17 28 56.0 62.53111832994303
17 29 71.0 86.11609900850678
17 30 166.0 216.11623770716784
17 31 51.0 73.33872710507208
17 32 93.0 95.45782685551507
17 33 58.0 83.43510040172366
17 34 53.0 64.27653128970707
17 35 146.0 154.4705905691438
17 36 141.0 147.64264833930883
17 38 67.0 69.57600498649155
17 39 154.0 157.36173774395593
17 40 162.0 236.4681865561743
17 42 46.0 53.15756835327222
17 43 103.0 144.2718137547115
17 44 94.0 120.58304249008928
17 45 43.0 63.69490925915454
17 46 164.0 193.83668878634657
17 47 144.0 187.74651664110218
17 48 153.0 181.42297886747048
17 50 24.0 31.025017636936283
17 51 217.0 277.01355466027184
17 52 96.0 100.75822185047441
17 53 119.0 156.60376228249453
17 54 104.0 139.96376278363866
17 55 168.0 239.55544231665894
17 56 74.0 105.48265854576897
17 57 129.0 169.16463466580484
17 58 132.0 177.92870025373637
18 19 67.0 98.79922664774254
18 20 73.0 73.27942979114464
18 21 105.0 117.55529364976162
18 22 110.0 155.93784186880245
18 23 25.0 37.49371298322075
18 24 131.0 186.67324194324257
18 25 47.0 68.51722791183771
18 26 157.0 162.4672629981995
18 28 69.0 79.80129536662344
18 29 29.0 30.981896327344455
18 32 51.0 62.715961812078916
18 33 8.0 9.086986070922464
18 34 9.0 9.477090146316367
18 35 96.0 117.90924701091595
18 36 80.0 117.1729272293743
18 37 130.0 170.54349237453025
18 38 5.0 6.232629716472882
18 39 96.0 117.96894986578086
18 40 108.0 124.87389496840503
18 41 113.0 166.58584506122384
18 42 20.0 29.48862961186233
18 43 58.0 68.856773448816
18 44 36.0 46.50228092282144
18 45 24.0 28.228159051202926
18 46 108.0 116.82358503658654
18 47 89.0 105.67079190605726
18 48 96.0 116.52892657995855
18 49 25.0 32.77506412452731
18 50 47.0 61.288451288864714
18 51 157.0 224.8876897812643
18 52 67.0 83.33098061242383
18 53 63.0 64.71288293603581
18 54 95.0 109.05496163884722
18 55 107.0 152.5984411304218
18 56 73.0 99.10784553866156
18 57 101.0 117.41705253658915
18 58 79.0 80.48370028504402
19 20 106.0 156.9539723814512
19 21 73.0 100.11449470119541
19 22 58.0 63.1202472471403
19 23 71.0 72.40221862664018
19 24 117.0 173.97269281653826
19 25 99.0 135.9681121132443
19 26 160.0 219.4428636918238
19 27 50.0 57.73493129652798
19 28 73.0 76.24237175318088
19 29 41.0 45.017366503106
19 30 57.0 75.75778395447118
19 31 58.0 64.69178703562419
19 32 16.0 21.228064479294147
19 33 63.0 67.21050175237441
19 34 74.0 104.17422864816876
19 35 38.0 52.72623455295964
19 36 98.0 134.55241017292255
19 37 121.0 148.88441567774817
19 39 58.0 65.36972886320599
19 40 57.0 57.534997171341395
19 41 63.0 85.5678158639269
19 42 68.0 84.44493499159887
19 43 9.0 13.19556948608894
19 44 38.0 48.3125152102416
19 45 68.0 72.7751698210074
19 46 64.0 85.42355745654694
19 48 54.0 78.06903876490789
19 50 84.0 105.1195175582585
19 51 164.0 200.92367593103242
19 52 21.0 22.217681959219576
19 53 32.0 33.55515945523675
19 54 55.0 77.54996782348915
19 55 85.0 87.6482428471129
19 56 58.0 79.97450533698039
19 57 39.0 49.49154075976786
19 58 31.0 41.33872893819536
20 22 163.0 239.6884230641867
20 24 202.0 291.3233591695807
20 25 35.0 35.52442286618692
20 26 231.0 322.1391895444017
20 27 63.0 91.8655316878209
20 28 41.0 60.25171970428058
20 29 73.0 74.47907266204383
20 31 52.0 53.26076068291852
20 32 91.0 117.82662677606878
20 33 67.0 81.90691223013476
20 34 66.0 85.97491594236372
20 36 154.0 174.7173486166051
20 38 79.0 110.34064313420713
20 39 157.0 223.24571517585179
20 40 162.0 230.44564415120686
20 41 168.0 171.62337169459735
20 43 101.0 107.64222469760193
20 44 99.0 126.8389335662758
20 45 50.0 74.57385423568269
20 46 166.0 202.23981500339792
20 47 144.0 171.9231424171958
20 48 155.0 192.83969337339823
20 49 48.0 55.135600282830865
20 50 26.0 27.4479219615523
20 51 231.0 290.3846467279016
20 52 90.0 115.22737592269705
20 53 122.0 127.0344558641261
20 54 89.0 115.9438022864255
20 55 175.0 182.3048976199262
20 56 60.0 69.8925582568217
20 57 119.0 121.40411426192101
20 58 133.0 171.08684348375954
21 22 34.0 34.56225292798445
21 23 124.0 149.68374851678863
21 24 46.0 65.07420822037831
21 25 151.0 201.90525649736531
21 26 95.0 139.6371076882066
21 27 123.0 183.30029503566138
21 28 143.0 195.6928401426811
21 29 96.0 135.1339190675247
21 30 55.0 69.29001382642193
21 31 117.0 120.86689905036181
21 32 81.0 83.46701014446137
21 34 115.0 124.38692436790421
21 35 47.0 49.59654392691429
21 36 66.0 72.29453351425794
21 37 54.0 73.08148603685042
21 38 100.0 122.26334248964415
21 39 16.0 19.727937732165906
21 40 32.0 37.946683429480856
21 41 29.0 40.02704776068503
21 42 119.0 170.5015157744297
21 43 72.0 105.0693975333727
21 44 71.0 88.25850083911921
21 45 121.0 127.3097165766096
21 46 19.0 27.4981066142459
21 47 34.0 45.241540842044124
21 48 21.0 23.865994207586876
21 49 127.0 148.53064169075745
21 50 144.0 201.41491495831644
21 51 102.0 131.39805434863547
21 52 95.0 139.83036536308256
21 53 47.0 66.98890626179119
21 54 128.0 137.0549570534231
21 55 15.0 22.362383999247545
21 56 131.0 191.9926398329987
21 58 42.0 59.401897406796266
22 23 123.0 176.06887312055923
22 25 151.0 181.22830008115045
22 26 129.0 142.34150520779264
22 27 108.0 116.2157469836116
22 28 131.0 138.22334421960136
22 29 92.0 108.84215463180387
22 30 21.0 21.112889088428155
22 32 71.0 100.28406372751773
22 34 119.0 120.90509978357535
22 35 20.0 21.324690930064296
22 36 95.0 141.1734969098727
22 37 88.0 126.76865124637652
22 38 106.0 137.83978737681622
22 39 24.0 27.229544275842
22 40 3.0 3.8274046101536956
22 41 7.0 10.318164579708192
22 42 119.0 165.59785059304386
22 43 61.0 63.35459342730858
22 44 73.0 74.48485893783578
22 45 120.0 138.20107993080677
22 46 15.0 15.31241849732064
22 47 20.0 20.669593864541945
22 48 18.0 23.310378784801543
22 49 127.0 130.33189551924252
22 50 140.0 195.98702082265942
22 51 136.0 184.45040471171492
22 52 77.0 101.16896328997538
22 53 47.0 66.7442321609344
22 54 105.0 131.13688153757758
22 55 50.0 56.6551302175343
22 56 115.0 121.93938996406206
22 57 72.0 88.89004022820573
22 58 31.0 32.56019556462479
23 24 153.0 165.97174304123396
23 25 28.0 35.8277657412292
23 26 181.0 190.0915613849278
23 27 52.0 71.98989321039731
23 28 48.0 54.837857097984426
23 29 31.0 33.071913851010024
23 30 127.0 145.59479847021746
23 31 15.0 20.344566960536696
23 32 55.0 79.77657403042096
23 35 106.0 157.488326377003
23 36 105.0 154.86632817759738
23 37 153.0 159.74805865510416
23 38 30.0 38.974296741918636
23 39 113.0 144.6811039663182
23 40 121.0 157.7509922635662
23 41 127.0 170.00619830005144
23 42 5.0 5.296546639255975
23 43 64.0 68.71708647449375
23 44 53.0 62.988774721913906
23 45 3.0 4.057639783763573
23 46 123.0 159.42964570750578
23 47 103.0 130.37150343984803
23 48 112.0 166.53421568183282
23 49 5.0 6.065973940178436
23 50 22.0 27.69295616801419
23 52 64.0 75.69065037792467
23 53 78.0 93.22220087260483
23 54 83.0 88.31025232231997
23 56 56.0 72.39639608757508
23 57 99.0 129.84539876897668
23 58 92.0 130.26721318623666
24 25 178.0 178.83360754686763
24 27 163.0 212.02820017012485
24 28 182.0 242.7662656403783
24 30 100.0 114.2879782036665
24 31 150.0 221.22842145871604
24 32 121.0 135.4031111199146
24 33 135.0 138.61234062036021
24 34 140.0 188.8341164455433
24 35 93.0 107.10155589706181
24 36 61.0 89.8589909560821
24 37 10.0 10.225159958046316
24 38 125.0 137.79879816291825
24 39 62.0 76.52986430225648
24 40 77.0 86.94476737240981
24 41 73.0 79.55782492678664
24 42 148.0 165.3273159495871
24 43 114.0 135.01803000244948
24 44 103.0 110.126188491441
24 45 151.0 192.98072286841187
24 46 64.0 64.8137689295467
24 47 80.0 81.31341796473629
24 48 68.0 73.94011528442992
24 49 156.0 187.34876874280533
24 50 175.0 214.00394826356296
24 51 58.0 62.99338260021942
24 52 138.0 162.68052851575644
24 53 86.0 105.5401979191039
24 54 172.0 180.25880702138903
24 55 32.0 39.51408748021652
24 56 172.0 196.48915176920232
24 57 146.0 155.73954424254984
24 58 86.0 88.11445158294873
25 26 201.0 218.17548248043028
25 27 71.0 89.77596984896113
25 28 58.0 70.1862247296255
25 29 59.0 61.000874982983845
25 30 156.0 188.71647333747862
25 31 41.0 46.98960155876309
25 32 83.0 108.36155616740443
25 33 43.0 47.53625571778413
25 34 37.0 40.12597557006956
25 35 135.0 183.68071120617526
25 36 125.0 165.91206103184155
25 37 177.0 224.9419953862109
25 38 52.0 69.76306250661007
25 39 140.0 153.38961927353586
25 40 150.0 208.56548970839663
25 41 156.0 189.56878826499255
25 42 32.0 32.82925280374151
25 43 92.0 117.6509998219236
25 44 80.0 118.68986594609089
25 45 31.0 36.83715905254795
25 46 151.0 186.27285892125911
25 47 131.0 175.25050093795033
25 48 140.0 197.26882537205344
25 49 24.0 28.12972728602415
25 50 21.0 29.782941264370315
25 51 201.0 220.23137597421646
25 52 89.0 103.77366897339441
25 53 106.0 134.0189203624046
25 54 102.0 119.06102674248078
25 55 154.0 167.09259306739725
25 56 73.0 90.72501041285976
25 58 120.0 127.97059490042544
26 27 202.0 255.12545109566815
26 28 218.0 305.6430693987483
26 29 165.0 166.76381022477688
26 30 150.0 181.10435927401727
26 31 181.0 248.3413694360239
26 32 161.0 241.16937264186663
26 33 163.0 195.307157004434
26 34 165.0 240.1938545535431
26 35 142.0 151.05517922554037
26 37 41.0 51.892125915482055
26 38 151.0 209.7080848167383
26 39 110.0 161.55422828645663
26 40 127.0 154.3414144652491
26 41 123.0 128.01668691521635
26 42 176.0 250.96998106054392
26 43 155.0 176.8797672587068
26 44 138.0 145.37697873408803
26 45 180.0 255.35848349107457
26 46 114.0 152.98759554389966
26 47 127.0 190.39677663167623
26 48 116.0 120.01888000560618
26 49 182.0 249.51455154021656
26 50 204.0 281.18710589661293
26 52 179.0 194.70150223298276
26 53 127.0 186.92080559921376
26 54 215.0 261.38368166385277
26 55 80.0 88.80330022715746
26 56 211.0 263.4170052489556
26 57 193.0 283.0402082375391
26 58 132.0 145.88817381172612
27 28 24.0 31.908518415773464
27 29 41.0 57.025278292862396
27 30 103.0 141.81688131496608
27 31 38.0 41.01404713621206
27 32 42.0 47.57356279958962
27 33 58.0 68.25725938407021
27 34 67.0 70.24523741333871
27 35 87.0 118.16982122505725
27 37 167.0 238.48406974649365
27 38 68.0 76.41508309087558
27 39 108.0 138.84644008419565
27 40 107.0 123.03957624951087
27 41 114.0 130.72958013982117
27 42 53.0 76.20891737844345
27 43 50.0 66.4215346855764
27 44 65.0 66.89673244365697
27 45 50.0 70.69554556032548
27 46 114.0 167.9130397504568
27 47 92.0 109.32877987576472
27 48 104.0 140.16616906991135
27 49 56.0 78.43776222787666
27 50 51.0 63.59677381439247
27 51 205.0 212.74493815563937
27 52 30.0 30.078460356837702
27 53 77.0 79.84812594302888
27 54 31.0 37.22585132387399
27 55 132.0 147.85610259301998
27 56 9.0 11.526627273775775
27 57 56.0 65.58439182533753
27 58 81.0 98.9873667199897
28 29 53.0 73.05848714046938
28 31 39.0 58.40361531157795
28 32 62.0 91.00692684986812
28 33 61.0 82.97880661812815
28 35 111.0 135.00613983924592
28 36 144.0 151.72226950097928
28 37 184.0 258.82249669737524
28 38 73.0 77.769366371329
28 39 129.0 142.78370123644595
28 40 130.0 130.5675220821672
28 41 137.0 139.2424372698772
28 42 51.0 69.18284260155613
28 43 71.0 105.48344854939049
28 44 80.0 84.97861652695192
28 45 47.0 52.13122635573749
28 48 126.0 136.43946429358837
28 49 51.0 57.170991650093285
28 50 37.0 51.26838569898055
28 51 220.0 312.48294238600266
28 52 53.0 76.71401908010299
28 53 97.0 105.19835073378434
28 54 48.0 66.82985640094988
28 55 152.0 167.81633282300504
28 56 19.0 20.002253618139143
28 58 103.0 126.07763357834477
29 30 96.0 137.216660030366
29 31 20.0 26.180809505757786
29 32 24.0 31.00637751275124
29 33 23.0 33.39079935085323
29 35 75.0 92.91863428597567
29 36 92.0 108.01191842758882
29 37 132.0 175.8843772754444
29 38 29.0 43.363260568392505
29 39 84.0 93.55389212217717
29 40 91.0 123.40505008769725
29 41 97.0 115.78180793784612
29 42 27.0 30.437599946321857
29 44 27.0 31.214047065397292
29 45 28.0 41.8698594295574
29 46 94.0 116.81529694840108
29 47 73.0 95.61620243690878
29 48 82.0 95.54298040569712
29 49 35.0 43.805014745330254
29 50 48.0 59.21663099093775
29 51 167.0 197.55296413070127
29 52 37.0 48.32215992797588
29 54 67.0 81.14850658232656
29 55 102.0 136.78206966392315
29 56 49.0 69.54972585874629
29 57 72.0 84.56586770081248
29 58 61.0 75.1133083664541
30 33 116.0 167.34473142719045
30 36 114.0 154.03548781529935
30 37 109.0 123.42341403005842
30 38 115.0 168.264834673377
30 39 44.0 53.36164149632789
30 40 24.0 35.27434035714274
30 41 26.0 29.153200330985996
30 43 63.0 84.92308609941054
30 44 83.0 100.61978395696009
30 45 124.0 136.79728635109072
30 46 36.0 41.63109956034767
30 48 38.0 40.930367581263894
30 49 132.0 168.79134131733667
30 50 142.0 146.76719531069924
30 51 158.0 230.59655279632116
30 53 59.0 62.291940143583886
30 54 94.0 134.06994589267052
30 55 71.0 81.21137837057431
30 56 110.0 129.0235478484824
30 57 58.0 65.03191446499112
30 58 41.0 41.15967494051816
31 32 42.0 52.02954807044793
31 34 29.0 29.58941711649567
31 37 151.0 175.89510918855038
31 38 34.0 45.739050093969205
31 40 111.0 134.3722145137326
31 41 117.0 142.6480228760112
31 42 14.0 16.04563024707933
31 43 52.0 57.87542430005692
31 44 47.0 69.00809007941747
31 45 12.0 13.985100806776314
31 46 114.0 166.45021116874992
31 47 93.0 121.19641604643607
31 48 103.0 125.21775598438664
31 49 20.0 22.881144332001483
31 50 27.0 31.0082194180999
31 52 49.0 62.19216047195717
31 53 70.0 84.5228106450769
31 54 68.0 68.5847556355525
31 57 84.0 122.57664766194063
31 58 82.0 110.83932215468221
32 33 47.0 53.894659323566806
32 34 58.0 78.96280610766937
32 35 52.0 54.09180535668502
32 37 125.0 186.88952090228693
32 38 50.0 65.9060532566813
32 39 67.0 85.9839836398244
32 41 76.0 107.04834434220307
32 42 51.0 70.70893739911027
32 44 28.0 38.26285859083892
32 45 52.0 68.15072564141475
32 47 53.0 74.97280441846917
32 48 64.0 71.46614384547657
32 49 60.0 67.34873469318883
32 51 164.0 197.47876842976277
32 52 20.0 20.278566397766213
32 53 35.0 48.315004490164924
32 54 56.0 66.37674776932349
32 55 90.0 126.99425156363932
32 57 51.0 69.61573951711324
32 58 41.0 59.49459220696028
33 34 11.0 11.634877096346104
33 35 94.0 134.39293555150505
33 36 87.0 88.94854818130891
33 38 12.0 16.576215468334794
33 39 97.0 105.25302583293389
33 40 107.0 160.1006087475474
33 41 113.0 148.3200222568503
33 42 13.0 13.599734944508304
33 43 54.0 59.15069811186515
33 44 37.0 47.91120050772759
33 45 17.0 20.020779406027533
33 46 108.0 118.50725916578378
33 47 89.0 126.46004589589008
33 48 97.0 128.39136044799085
33 49 20.0 21.05010369738908
33 50 41.0 51.110163252567574
33 51 163.0 239.7311546770836
33 52 61.0 77.48715426095055
33 53 63.0 68.76730384056953
33 54 87.0 93.86933184292998
33 56 65.0 95.40463557392201
33 57 96.0 128.23124921829444
33 58 78.0 78.40831123091867
34 35 105.0 106.7424896859635
34 36 89.0 91.53040417044431
34 37 139.0 204.02886183676856
34 38 15.0 16.28376640256464
34 39 106.0 154.1480015502035
34 40 117.0 174.25589419918134
34 41 123.0 133.85763558237213
34 42 15.0 19.02538172686393
34 43 65.0 73.38807685718916
34 45 19.0 23.824093121576446
34 46 117.0 122.31865565483845
34 48 106.0 128.3466346652592
34 49 18.0 26.968617277175483
34 50 40.0 47.78380405942115
34 52 71.0 79.1189511808675
34 53 72.0 72.66332794215936
34 54 96.0 111.98818451277742
34 55 117.0 159.23629641495788
34 56 72.0 89.26676551607484
34 57 106.0 145.96071485321804
34 58 88.0 123.8172630499043
35 36 97.0 136.91395663696989
35 38 93.0 103.75400004754262
35 39 32.0 43.26372794149145
35 41 27.0 29.99115508506341
35 42 102.0 142.5489022757813
35 43 43.0 61.923521747968664
35 44 60.0 65.57642064439156
35 45 103.0 148.82505373850353
35 46 31.0 32.48094496121852
35 47 15.0 15.678998443813082
35 48 26.0 27.270506652887708
35 49 111.0 115.02818570830297
35 50 122.0 142.3254710774866
35 51 148.0 162.07237016230047
35 53 37.0 50.222561885550995
35 54 84.0 88.9501006301863
35 55 62.0 71.08615019429813
35 56 95.0 123.10258240322908
35 57 53.0 60.77670387268673
35 58 19.0 22.10253534761506
36 37 56.0 76.89355166255169
36 38 75.0 105.88916749055369
36 39 71.0 72.71429005483796
36 40 92.0 112.00377751594058
36 41 93.0 130.3962241924235
36 42 100.0 146.04242415891048
36 43 91.0 121.20634618427883
36 44 67.0 82.54247044849359
36 45 104.0 127.4383253492282
36 46 83.0 93.83451647828046
36 47 82.0 121.30883913752695
36 49 106.0 137.55644495570115
36 50 128.0 132.98098238691617
36 51 76.0 110.16195116081545
36 53 67.0 99.53678879293261
36 54 151.0 217.99599030005996
36 55 56.0 63.01296673026007
36 58 80.0 95.60911023770926
37 38 124.0 176.30388955875202
37 39 69.0 87.60246050240603
37 40 85.0 125.6903924519579
37 41 82.0 85.05326719499757
37 42 148.0 163.40827844965813
37 43 118.0 171.7948799467849
37 44 104.0 147.17432451911313
37 45 151.0 195.0468625956416
37 47 86.0 107.50150465681723
37 48 75.0 101.60623755495052
37 49 155.0 211.30255035539844
37 50 175.0 195.757063096973
37 51 48.0 57.197887106464655
37 52 142.0 206.93443812001806
37 53 90.0 113.53930160937085
37 54 177.0 223.44583648891611
37 55 39.0 57.40408290924796
37 56 176.0 250.40769931005408
37 57 152.0 175.45092830790617
38 41 109.0 127.66664890973433
38 42 25.0 33.64230233299216
38 43 56.0 76.74536261179146
38 44 32.0 44.84168302500373
38 45 29.0 34.476522635828275
38 47 86.0 109.31208799308001
38 48 92.0 136.13693868579355
38 49 31.0 35.51609179033881
38 50 52.0 60.367771581058456
38 51 152.0 188.26484118003904
38 52 67.0 81.05236804153657
38 53 59.0 86.09749631577695
38 54 96.0 110.47408591960173
38 55 102.0 152.82594432098566
38 56 76.0 113.49962386097253
38 57 101.0 101.37485815357994
38 58 75.0 87.07666017582694
39 40 21.0 22.364934101839857
39 41 22.0 28.661412912970054
39 42 108.0 119.21852556577574
39 44 60.0 60.570228768366334
39 45 110.0 152.43808655734517
39 46 13.0 19.293764086835193
39 48 6.0 8.179072089274886
39 49 116.0 128.05744116005903
39 50 132.0 178.3289937663844
39 51 116.0 123.48393731785183
39 52 79.0 97.78292598448311
39 53 34.0 45.95784807935968
39 54 112.0 122.00625129122004
39 55 30.0 40.26643652133671
39 57 84.0 125.34659813031223
39 58 26.0 28.7525393137084
40 41 6.0 7.133389161669467
40 42 117.0 170.44734283266519
40 43 60.0 80.07549121590787
40 44 71.0 105.54306774071047
40 45 118.0 139.20840627191907
40 46 12.0 14.090772156423911
40 47 18.0 21.341762022987368
40 48 15.0 21.34747170989553
40 49 125.0 152.37410330617726
40 50 138.0 144.85891739645186
40 51 134.0 181.89720822311924
40 52 77.0 99.83804134682201
40 53 45.0 50.02589848770745
40 54 105.0 132.4125820248208
40 55 47.0 61.35657288212821
40 56 115.0 141.10519253902623
40 57 73.0 84.4558961111896
40 58 29.0 30.534417180528397
41 42 123.0 139.68549518757413
41 43 66.0 67.42638042292941
41 44 76.0 78.2378328575473
41 45 124.0 136.19050272989784
41 46 10.0 11.754759633581422
41 47 24.0 24.312333940215872
41 48 18.0 18.263989025671243
41 49 131.0 180.1374454414255
41 50 145.0 166.83977956085883
41 51 131.0 161.39273090253533
41 52 84.0 102.76626068573034
41 53 50.0 72.17431715964021
41 54 111.0 112.58398960857444
41 55 45.0 50.47581392757594
41 56 122.0 149.07884205437085
41 57 79.0 110.46261275288133
41 58 35.0 44.229159822227416
42 43 60.0 80.35801433300524
42 44 48.0 67.04178283762502
42 45 4.0 4.637286806901498
42 46 119.0 155.31708946043778
42 47 99.0 133.65606868662357
42 48 107.0 150.3433757531266
42 49 8.0 11.347000590541203
42 51 177.0 215.16537288823358
42 52 62.0 84.02742823322647
42 53 73.0 87.86675081329193
42 54 83.0 113.97926967873546
42 55 122.0 157.350270836308
42 56 58.0 81.19750221799364
42 57 97.0 136.8848516652293
42 58 87.0 105.32524961194378
43 44 29.0 38.04269626754009
43 45 61.0 74.3437941838012
43 46 65.0 96.95157745835246
43 47 43.0 50.45359755265473
43 48 55.0 72.2305187085609
43 49 69.0 100.29266836711852
43 50 79.0 79.34266931504119
43 51 159.0 165.73492522582544
43 52 24.0 25.49694299703984
43 53 28.0 41.87888147321665
43 54 60.0 64.39242565942358
43 55 82.0 114.44694258319328
43 57 48.0 68.24854011454593
43 58 32.0 38.244241540452244
44 46 71.0 101.40561216248722
44 47 53.0 70.12540435501995
44 48 60.0 74.24808731516454
44 49 56.0 78.6080022797504
44 50 73.0 106.696660668685
44 51 140.0 151.41490474449887
44 52 49.0 56.21086288245782
44 53 26.0 26.09541258258794
44 54 84.0 84.95311823403823
44 55 75.0 81.32956539310577
44 56 74.0 89.07550212142087
44 57 77.0 100.1435763270701
44 58 43.0 59.046026874290646
45 46 121.0 139.8013759751029
45 47 100.0 100.8195280412199
45 48 109.0 118.12766740112846
45 49 8.0 11.45007451320361
45 50 24.0 24.362785606767698
45 51 181.0 260.7001834444189
45 52 61.0 86.38947379333935
45 53 75.0 87.80118677774922
45 54 81.0 103.32193623516602
45 55 125.0 142.77075878753132
45 56 55.0 77.71763755139973
45 57 96.0 98.50424169111429
45 58 89.0 118.69701529144264
46 47 22.0 30.920545084350913
46 48 11.0 11.489740646279113
46 49 127.0 172.7363323895925
46 50 142.0 181.02064667714498
46 51 121.0 155.03892040325238
46 53 45.0 58.565217551551015
46 54 115.0 139.29247234282136
46 55 35.0 48.48173531082107
46 56 122.0 125.80642242739883
46 57 84.0 92.36084251287663
46 58 33.0 36.16046090156298
47 48 13.0 17.984235460689934
47 49 107.0 119.12326565427868
47 51 133.0 173.41364333273322
47 52 62.0 68.64609587655649
47 54 94.0 116.54379908283714
47 56 100.0 124.77691737395666
47 57 65.0 77.45270142770272
47 58 11.0 14.98959634315701
48 50 130.0 138.34985749020856
48 51 122.0 171.8216192856068
48 52 75.0 83.09861064575405
48 54 107.0 143.9107540459002
48 55 36.0 37.32694928451035
48 56 113.0 139.3843953881219
48 57 78.0 78.77431180414257
48 58 22.0 24.032934166838043
49 50 22.0 26.32831323428887
49 51 183.0 198.6835999522683
49 52 69.0 98.93026429697247
49 53 82.0 116.57230357413617
49 54 88.0 91.08697699325089
49 55 130.0 144.4490606382926
49 56 61.0 77.81919536766858
49 57 104.0 107.84318056106281
49 58 96.0 102.43729866020638
50 51 204.0 300.45770715923123
50 52 72.0 73.04223514263958
50 53 97.0 140.60985218315193
50 54 81.0 120.56055675022802
50 55 149.0 187.1323987644006
50 56 51.0 57.2282856688327
50 57 104.0 144.01641931183008
50 58 109.0 134.6795276507767
51 52 183.0 260.43416167741105
51 53 131.0 136.14319978152685
51 54 219.0 251.66066993685314
51 55 86.0 112.53431940688662
51 56 214.0 302.4040832291117
51 57 198.0 237.56055486537798
51 58 137.0 200.29895641394214
52 53 52.0 68.5752712367888
52 54 36.0 47.02820562077487
52 56 38.0 46.1406665889627
52 57 35.0 48.898106228319286
52 58 53.0 63.170997182049966
53 54 88.0 111.07006621241669
53 56 86.0 113.02248134088738
53 57 70.0 100.18492623496502
53 58 18.0 24.462860147681123
54 55 140.0 166.43585634276894
54 56 30.0 31.697490765262735
54 57 37.0 53.617173744777375
54 58 86.0 101.22143928358037
55 56 141.0 192.3776123903887
55 57 114.0 158.38073978077415
55 58 54.0 67.96275472731875
56 57 60.0 85.01147314513932
56 58 90.0 113.82251435101966
57 58 60.0 61.11870402786075
