59
99
80
23
0
10
51
50
36
12
8
22
46
18
57
21
58
13
5
53
32
47
26
30
1
38
28
5
22
51
33
9
58
0 1 146 150
0 2 145 154
0 3 181 203
0 4 77 109
0 5 147 214
0 7 100 106
0 8 195 275
0 9 151 203
0 11 84 118
0 12 64 73
0 13 114 157
0 14 29 37
0 15 108 161
0 16 135 177
0 17 32 42
0 18 64 64
0 19 88 116
0 20 18 23
0 21 153 197
0 23 39 45
0 24 188 197
0 25 37 55
0 26 219 278
0 27 44 50
0 28 24 31
0 29 57 76
0 30 144 167
0 31 38 44
0 32 74 109
0 33 57 85
0 34 58 69
0 35 126 178
0 36 144 184
0 37 189 229
0 38 69 93
0 39 140 143
0 40 144 174
0 41 151 215
0 43 84 117
0 44 85 99
0 47 127 187
0 48 138 163
0 49 40 52
0 50 19 19
0 51 220 321
0 52 71 86
0 53 106 106
0 54 72 74
0 55 160 238
0 56 42 50
0 57 101 139
0 58 116 142
1 2 35 42
1 3 40 55
1 4 80 104
1 5 40 59
1 6 148 200
1 7 51 51
1 8 67 88
1 9 30 40
1 10 109 131
1 11 99 116
1 12 112 141
1 13 33 48
1 15 65 95
1 16 52 73
1 17 154 164
1 18 92 105
1 21 20 27
1 22 50 72
1 23 113 155
1 26 86 124
1 27 120 166
1 28 139 173
1 29 88 100
1 31 108 158
1 32 78 103
1 33 95 100
1 34 102 116
1 35 57 77
1 36 46 47
1 37 47 63
1 39 27 37
1 40 47 65
1 41 47 65
1 42 108 114
1 43 71 80
1 44 61 67
1 45 111 155
1 46 37 44
1 47 42 60
1 48 33 48
1 49 116 146
1 50 134 146
1 51 91 112
1 52 95 124
1 53 43 48
1 54 130 152
1 55 14 15
1 56 129 178
1 57 106 127
1 58 45 58
2 3 69 75
2 4 69 95
2 5 5 5
2 6 129 180
2 7 45 52
2 8 100 140
2 9 66 78
2 10 100 133
2 11 79 93
2 12 97 133
2 13 52 76
2 14 158 207
2 15 43 46
2 16 19 28
2 17 160 192
2 19 60 76
2 21 20 29
2 22 15 21
2 23 119 170
2 24 66 77
2 26 115 126
2 27 110 164
2 28 132 136
2 29 89 114
2 30 36 48
2 31 110 137
2 32 71 73
2 33 104 138
2 34 113 122
2 35 28 38
2 36 81 87
2 37 74 103
2 38 99 105
2 40 12 13
2 41 12 16
2 42 114 157
2 43 61 61
2 44 67 94
2 45 116 170
2 46 4 5
2 48 7 10
2 49 123 147
2 50 137 187
2 51 122 122
2 52 81 121
2 53 41 60
2 54 111 119
2 55 35 42
2 56 119 120
2 57 81 105
2 58 29 37
3 4 120 152
3 5 73 104
3 6 189 265
3 7 91 132
3 8 31 44
3 10 149 154
3 11 140 145
3 12 152 218
3 14 203 221
3 15 105 139
3 16 88 93
3 17 185 269
3 18 122 155
3 19 115 128
3 20 195 248
3 21 49 70
3 22 84 115
3 23 146 190
3 25 169 209
3 26 46 59
3 27 160 182
3 28 177 241
3 29 125 155
3 30 105 116
3 31 143 197
3 32 118 167
3 33 127 182
3 34 131 139
3 35 96 123
3 36 49 62
3 38 117 155
3 39 63 70
3 40 81 98
3 41 78 89
3 42 140 150
3 43 111 123
3 44 97 127
3 45 144 170
3 46 69 97
3 47 81 107
3 48 70 101
3 49 148 193
3 50 168 207
3 51 52 53
3 52 135 179
3 53 83 87
3 54 170 246
3 55 34 35
3 57 147 175
3 58 86 101
4 5 71 72
4 6 70 74
4 7 29 41
4 10 31 37
4 11 27 36
4 12 32 46
4 13 57 81
4 14 89 104
4 15 31 43
4 17 97 137
4 18 57 76
4 19 11 11
4 20 94 135
4 22 68 98
4 23 60 80
4 24 123 178
4 25 88 112
4 26 164 171
4 27 41 48
4 28 63 86
4 29 30 34
4 30 68 76
4 31 47 63
4 32 6 6
4 33 53 62
4 34 64 92
4 35 49 56
4 36 98 99
4 38 56 63
4 39 66 73
4 41 74 97
4 42 57 64
4 43 9 12
4 44 33 44
4 45 57 60
4 46 73 74
4 47 51 67
4 49 65 85
4 50 73 75
4 51 167 237
4 52 16 20
4 53 37 48
4 55 91 108
4 56 50 73
4 57 45 56
4 58 40 58
5 6 128 151
5 7 48 67
5 9 71 83
5 10 102 130
5 11 79 83
5 12 97 106
5 13 57 81
5 14 160 226
5 15 43 61
5 16 17 17
5 17 163 165
5 18 107 144
5 19 61 72
5 20 164 231
5 21 24 31
5 23 122 144
5 24 69 96
5 25 151 166
5 26 119 126
5 28 134 167
5 29 92 102
5 30 31 37
5 31 113 130
5 32 73 90
5 33 108 148
5 34 117 167
5 35 27 36
5 36 86 99
5 37 77 90
5 38 103 134
5 39 15 16
5 40 8 11
5 42 118 171
5 43 63 89
5 44 71 81
5 45 119 131
5 46 4 5
5 47 20 28
5 48 11 13
5 49 126 151
5 50 140 187
5 51 126 159
5 53 44 54
5 54 111 123
5 55 39 53
5 56 120 142
5 57 80 95
5 58 31 46
6 7 98 100
6 8 212 289
6 9 167 193
6 10 50 55
6 11 50 67
6 12 38 48
6 13 128 164
6 14 61 78
6 15 86 106
6 16 112 149
6 17 109 138
6 18 109 126
6 19 74 84
6 20 92 132
6 21 146 189
6 22 121 145
6 23 95 96
6 24 190 272
6 25 110 141
6 26 234 254
6 27 43 60
6 28 53 64
6 29 83 90
6 30 109 143
6 31 81 96
6 32 74 98
6 33 101 150
6 34 110 128
6 35 101 120
6 36 169 185
6 37 195 205
6 38 111 161
6 39 130 143
6 40 122 164
6 41 128 158
6 42 96 96
6 43 79 80
6 44 102 142
6 45 93 131
6 46 132 154
6 47 112 152
6 48 125 179
6 50 89 120
6 51 238 274
6 52 54 64
6 54 18 18
6 55 158 181
6 56 38 54
6 57 51 66
6 58 104 132
7 8 114 126
7 9 69 81
7 10 59 65
7 11 50 63
7 12 61 63
7 13 32 35
7 14 116 147
7 15 26 27
7 16 40 46
7 17 115 122
7 18 61 76
7 19 24 28
7 20 117 155
7 21 53 67
7 22 49 58
7 23 74 101
7 24 94 131
7 25 103 119
7 26 135 199
7 27 70 78
7 28 90 120
7 29 44 53
7 30 57 81
7 31 65 69
7 33 60 86
7 34 70 103
7 35 35 50
7 36 74 79
7 37 98 144
7 38 58 75
7 39 39 42
7 40 47 51
7 41 53 59
7 42 70 91
7 43 20 28
7 44 25 31
7 45 71 71
7 46 49 66
7 48 38 48
7 49 78 99
7 50 92 102
7 52 44 55
7 53 8 9
7 55 62 66
7 56 78 94
7 57 62 79
7 58 17 23
8 9 45 45
8 10 168 199
8 11 164 245
8 12 174 232
8 14 219 252
8 15 132 162
8 16 118 145
8 17 193 199
8 18 132 162
8 19 138 144
8 20 206 240
8 21 79 89
8 22 114 129
8 23 157 204
8 24 41 48
8 25 176 254
8 26 25 35
8 27 179 179
8 28 194 261
8 29 141 158
8 30 135 162
8 31 157 158
8 32 138 177
8 33 138 166
8 34 140 162
8 35 124 158
8 36 51 73
8 38 126 162
8 39 93 117
8 40 111 163
8 41 109 130
8 42 151 198
8 43 133 141
8 44 114 123
8 45 155 191
8 46 99 132
8 47 109 139
8 48 99 124
8 49 157 194
8 50 179 238
8 51 26 32
8 52 157 233
8 53 105 112
8 54 194 275
8 55 64 87
8 56 188 280
9 10 123 139
9 12 129 192
9 13 39 48
9 14 174 226
9 15 90 95
9 16 82 101
9 17 152 190
9 18 90 106
9 19 94 131
9 20 163 204
9 21 50 61
9 22 81 82
9 23 114 134
9 24 44 50
9 25 136 180
9 26 69 73
9 27 133 173
9 28 149 153
9 29 96 104
9 30 101 140
9 31 113 161
9 32 93 118
9 33 95 129
9 34 99 146
9 35 86 96
9 36 18 23
9 37 41 51
9 38 84 107
9 39 57 65
9 41 78 107
9 42 108 126
9 43 88 109
9 44 69 95
9 45 112 123
9 46 68 100
9 47 70 85
9 48 63 89
9 49 115 119
9 50 136 172
9 51 71 72
9 52 112 135
9 53 61 65
9 54 149 201
9 55 38 49
9 56 142 145
9 57 131 143
9 58 71 92
10 11 35 50
10 12 18 24
10 13 83 111
10 14 58 59
10 15 60 87
10 16 88 101
10 17 76 104
10 18 59 74
10 19 40 48
10 20 68 82
10 22 98 137
10 23 48 52
10 24 152 185
10 25 71 96
10 26 191 205
10 27 11 16
10 28 32 44
10 29 32 44
10 30 95 136
10 31 33 39
10 32 31 42
10 33 51 59
10 34 60 73
10 35 78 92
10 36 121 175
10 37 156 233
10 38 60 84
10 39 97 113
10 41 104 155
10 42 48 59
10 43 39 48
10 44 54 68
10 45 45 52
10 46 104 132
10 47 82 115
10 48 94 118
10 49 53 59
10 50 51 71
10 51 194 236
10 52 22 24
10 53 66 67
10 54 36 53
10 55 122 178
10 56 20 27
10 57 52 53
10 58 71 81
11 12 21 30
11 13 82 110
11 14 87 118
11 16 63 91
11 17 111 132
11 18 82 122
11 19 25 34
11 20 102 103
11 21 96 109
11 22 73 101
11 23 80 95
11 24 140 185
11 25 105 125
11 26 185 189
11 27 40 52
11 28 64 95
11 29 53 62
11 30 64 92
11 32 33 44
11 33 77 81
11 34 87 120
11 35 52 58
11 36 124 161
11 37 146 162
11 38 82 117
11 39 80 86
11 40 73 89
11 41 80 90
11 42 78 95
11 43 33 46
11 44 61 91
11 45 77 93
11 46 83 101
11 47 62 81
11 48 75 82
11 49 85 100
11 51 190 221
11 52 16 20
11 53 58 86
11 54 32 43
11 56 45 47
11 57 19 24
12 13 90 125
12 14 65 83
12 15 54 59
12 16 82 96
12 18 75 101
12 20 82 92
12 21 111 155
12 22 92 117
12 23 66 87
12 24 155 210
12 25 89 132
12 26 196 236
12 27 19 20
12 28 43 60
12 29 47 55
12 30 85 103
12 31 51 58
12 32 36 40
12 33 68 70
12 34 78 109
12 35 72 72
12 36 130 134
12 37 159 199
12 38 76 82
12 39 96 104
12 40 92 92
12 41 99 123
12 42 66 91
12 43 41 44
12 44 64 75
12 45 64 64
12 46 100 102
12 47 79 99
12 48 91 125
12 49 71 91
12 50 69 94
12 51 200 214
12 52 17 20
12 53 69 81
12 54 20 28
12 56 24 28
12 57 36 53
12 58 69 90
13 14 136 197
13 15 57 58
13 16 59 63
13 17 120 130
13 18 59 64
13 23 80 81
13 24 73 105
13 25 106 151
13 26 108 142
13 27 94 115
13 28 110 143
13 29 57 76
13 30 79 101
13 31 76 107
13 33 62 85
13 34 68 99
13 35 59 63
13 36 42 58
13 37 74 84
13 38 53 76
13 39 42 46
13 40 61 67
13 41 64 66
13 42 75 100
13 43 49 55
13 44 30 37
13 45 78 86
13 46 56 58
13 48 46 59
13 49 83 113
13 50 102 110
13 52 73 79
13 53 25 26
13 54 110 125
13 55 48 49
13 56 103 144
13 58 40 56
14 15 117 166
14 16 146 164
14 17 58 83
14 18 91 121
14 19 98 120
14 20 35 45
14 22 156 232
14 23 67 85
14 24 208 273
14 25 66 83
14 26 243 266
14 27 48 60
14 28 26 27
14 29 78 97
14 30 151 176
14 31 62 80
14 32 88 131
14 34 86 113
14 35 136 184
14 36 169 241
14 37 210 292
14 38 95 140
14 39 155 218
14 40 155 231
14 41 162 206
14 42 71 93
14 43 97 111
14 44 105 125
14 45 67 78
14 46 162 242
14 47 140 174
14 49 69 78
14 50 48 70
14 51 245 331
14 52 78 103
14 53 123 163
14 54 64 84
14 55 178 236
14 56 41 59
14 57 99 145
15 16 28 35
15 17 128 170
15 18 82 101
15 19 19 22
15 20 126 177
15 21 60 84
15 22 38 55
15 23 90 119
15 24 105 124
15 25 118 124
15 26 151 204
15 27 69 77
15 28 92 106
15 29 59 74
15 30 37 40
15 31 77 101
15 32 35 51
15 34 90 98
15 35 18 18
15 36 98 126
15 37 111 161
15 38 80 110
15 39 44 44
15 40 38 56
15 41 45 61
15 42 86 91
15 43 26 35
15 44 49 64
15 45 87 120
15 46 47 58
15 47 26 31
15 48 39 54
15 49 95 127
15 50 104 105
15 51 157 234
15 52 38 47
15 53 31 41
15 54 68 76
15 55 73 97
15 56 76 107
15 57 41 51
15 58 19 19
16 17 154 171
16 18 102 151
16 19 47 48
16 20 153 181
16 21 39 39
16 23 114 170
16 24 85 117
16 25 142 143
16 26 134 197
16 27 97 125
16 28 120 154
16 29 83 121
16 30 20 24
16 31 103 152
16 32 61 88
16 33 101 147
16 34 111 149
16 35 10 13
16 36 94 122
16 37 93 106
16 38 98 139
16 39 25 27
16 40 10 10
16 41 16 18
16 42 110 136
16 43 51 57
16 44 66 81
16 45 111 125
16 46 21 25
16 47 14 18
16 48 19 25
16 49 118 139
16 50 130 137
16 51 141 157
16 52 67 81
16 53 40 59
16 54 95 134
16 55 54 79
16 57 63 75
16 58 23 24
17 18 62 63
17 19 109 155
17 20 23 29
17 21 165 231
17 22 163 168
17 23 41 57
17 24 193 277
17 25 16 22
17 26 218 305
17 27 74 76
17 29 71 85
17 31 51 64
17 32 93 93
17 33 58 84
17 34 53 67
17 35 146 163
17 36 141 199
17 37 192 219
17 38 67 79
17 39 154 165
17 40 162 226
17 41 168 184
17 42 46 66
17 43 103 108
17 44 94 117
17 45 43 62
17 46 164 241
17 47 144 155
17 48 153 172
17 49 38 49
17 50 24 25
17 51 217 262
17 52 96 121
17 53 119 124
17 54 104 114
17 55 168 245
17 56 74 98
17 57 129 152
17 58 132 189
18 19 67 75
18 20 73 100
18 21 105 150
18 22 110 114
18 23 25 28
18 24 131 136
18 25 47 63
18 26 157 163
18 27 66 80
18 28 69 87
18 29 29 36
18 30 118 162
18 31 30 35
18 32 51 64
18 33 8 8
18 35 96 114
18 36 80 109
18 37 130 130
18 38 5 6
18 39 96 117
18 40 108 138
18 41 113 134
18 43 58 59
18 44 36 50
18 45 24 26
18 46 108 126
18 47 89 107
18 48 96 96
18 49 25 33
18 50 47 53
18 51 157 179
18 52 67 69
18 53 63 77
18 54 95 104
18 55 107 133
18 56 73 89
18 57 101 122
18 58 79 90
19 20 106 135
19 22 58 65
19 25 99 148
19 26 160 193
19 27 50 70
19 28 73 101
19 29 41 52
19 30 57 59
19 31 58 86
19 32 16 23
19 33 63 81
19 34 74 87
19 35 38 49
19 36 98 116
19 37 121 162
19 38 65 89
19 39 58 82
19 40 57 78
19 41 63 89
19 42 68 70
19 43 9 11
19 44 38 47
19 45 68 90
19 48 54 79
19 49 76 79
19 50 84 102
19 51 164 165
19 53 32 42
19 54 55 71
19 55 85 114
19 56 58 82
19 57 39 47
19 58 31 38
20 21 169 197
20 22 163 189
20 23 49 56
20 24 202 289
20 25 35 43
20 26 231 278
20 27 63 73
20 28 41 58
20 29 73 109
20 30 162 187
20 31 52 59
20 32 91 108
20 33 67 97
20 34 66 69
20 35 144 215
20 36 154 183
20 37 202 275
20 38 79 92
20 40 162 174
20 41 168 226
20 42 54 58
20 43 101 129
20 44 99 109
20 46 166 182
20 48 155 204
20 49 48 70
20 50 26 33
20 51 231 334
20 52 90 97
20 53 122 157
20 54 89 99
20 55 175 180
20 56 60 81
20 57 119 170
20 58 133 157
21 22 34 45
21 23 124 137
21 24 46 68
21 25 151 199
21 26 95 108
21 27 123 169
21 28 143 146
21 29 96 140
21 30 55 79
21 31 117 135
21 33 107 159
21 35 47 47
21 36 66 68
21 37 54 76
21 38 100 121
21 40 32 41
21 41 29 37
21 42 119 157
21 43 72 93
21 44 71 76
21 45 121 160
21 46 19 19
21 47 34 36
21 48 21 28
21 49 127 159
21 50 144 206
21 51 102 146
21 52 95 97
21 53 47 57
21 54 128 175
21 55 15 16
21 56 131 131
21 57 100 145
21 58 42 58
22 23 123 168
22 24 79 84
22 25 151 177
22 26 129 185
22 27 108 150
22 28 131 143
22 29 92 124
22 30 21 24
22 31 112 164
22 32 71 93
22 33 110 113
22 34 119 178
22 35 20 26
22 36 95 121
22 37 88 112
22 38 106 147
22 39 24 28
22 40 3 4
22 41 7 7
22 42 119 139
22 43 61 85
22 44 73 103
22 45 120 133
22 46 15 20
22 47 20 20
22 48 18 20
22 49 127 170
22 50 140 181
22 51 136 153
22 52 77 101
22 53 47 58
22 54 105 130
22 55 50 61
22 56 115 144
22 58 31 43
23 24 153 158
23 25 28 41
23 26 181 240
23 27 52 69
23 28 48 51
23 29 31 32
23 30 127 148
23 31 15 18
23 32 55 76
23 33 18 19
23 34 18 21
23 35 106 118
23 36 105 146
23 38 30 32
23 39 113 125
23 40 121 132
23 41 127 183
23 42 5 5
23 43 64 84
23 45 3 4
23 46 123 148
23 47 103 109
23 48 112 123
23 49 5 6
23 50 22 30
23 51 182 233
23 52 64 91
23 53 78 97
23 54 83 85
23 55 128 189
23 56 56 70
23 57 99 131
23 58 92 114
24 25 178 182
24 27 163 169
24 28 182 217
24 29 131 188
24 30 100 113
24 31 150 180
24 32 121 146
24 33 135 188
24 34 140 176
24 35 93 114
24 36 61 83
24 37 10 12
24 38 125 160
24 39 62 77
24 40 77 93
24 41 73 108
24 42 148 178
24 43 114 167
24 44 103 152
24 45 151 173
24 46 64 66
24 47 80 113
24 48 68 91
24 49 156 207
24 50 175 175
24 51 58 60
24 52 138 178
24 53 86 128
24 54 172 191
24 55 32 37
24 56 172 216
24 57 146 148
24 58 86 111
25 26 201 208
25 27 71 87
25 28 58 77
25 29 59 86
25 30 156 208
25 31 41 46
25 32 83 99
25 34 37 53
25 35 135 139
25 36 125 148
25 37 177 191
25 38 52 59
25 40 150 163
25 41 156 175
25 42 32 42
25 43 92 103
25 44 80 98
25 45 31 34
25 46 151 220
25 47 131 133
25 48 140 195
25 49 24 33
25 50 21 22
25 51 201 278
25 52 89 124
25 55 154 155
25 56 73 80
25 58 120 147
26 27 202 219
26 28 218 253
26 29 165 238
26 30 150 170
26 31 181 241
26 32 161 174
26 33 163 237
26 34 165 173
26 35 142 164
26 37 41 56
26 38 151 208
26 40 127 140
26 41 123 125
26 42 176 202
26 43 155 156
26 44 138 205
26 45 180 192
26 47 127 181
26 48 116 136
26 49 182 223
26 50 204 257
26 51 10 12
26 52 179 241
26 53 127 161
26 54 215 272
26 55 80 102
26 56 211 296
26 57 193 224
26 58 132 135
27 28 24 27
27 29 41 41
27 30 103 152
27 31 38 47
27 32 42 52
27 33 58 65
27 34 67 95
27 35 87 98
27 36 132 159
27 37 167 194
27 38 68 84
27 39 108 124
27 40 107 118
27 41 114 122
27 42 53 54
27 43 50 74
27 44 65 74
27 45 50 50
27 46 114 126
27 48 104 120
27 49 56 83
27 50 51 56
27 51 205 260
27 52 30 36
27 53 77 108
27 54 31 42
27 55 132 135
27 56 9 13
27 58 81 95
28 29 53 72
28 30 127 152
28 31 39 44
28 32 62 88
28 33 61 80
28 34 66 78
28 35 111 129
28 37 184 195
28 38 73 90
28 39 129 173
28 40 130 172
28 41 137 140
28 42 51 60
28 43 71 99
28 44 80 119
28 45 47 47
28 46 136 191
28 49 51 53
28 52 53 59
28 54 48 55
28 55 152 200
28 56 19 23
28 58 103 136
29 30 96 135
29 31 20 29
29 32 24 29
29 33 23 33
29 34 34 46
29 35 75 94
29 36 92 110
29 37 132 143
29 38 29 35
29 39 84 106
29 40 91 131
29 42 27 27
29 43 33 34
29 44 27 27
29 45 28 39
29 46 94 117
29 47 73 80
29 48 82 109
29 49 35 51
29 50 48 65
29 51 167 174
29 52 37 51
29 53 49 65
29 54 67 72
29 55 102 125
29 56 49 60
29 57 72 93
29 58 61 74
30 31 115 140
30 33 116 170
30 34 127 147
30 35 22 28
30 36 114 147
30 37 109 130
30 38 115 122
30 39 44 56
30 40 24 25
30 42 124 131
30 43 63 66
30 44 83 107
30 45 124 178
30 46 36 47
30 47 33 45
30 48 38 50
30 49 132 174
30 50 142 206
30 51 158 218
30 52 73 73
30 53 59 83
30 54 94 128
30 55 71 94
30 56 110 149
30 57 58 59
30 58 41 43
31 32 42 48
31 34 29 40
31 36 107 109
31 38 34 43
31 39 104 112
31 40 111 129
31 42 14 17
31 43 52 70
31 46 114 161
31 47 93 121
31 48 103 150
31 49 20 27
31 50 27 35
31 51 183 192
31 52 49 56
31 53 70 88
31 54 68 70
31 55 122 126
31 56 43 44
31 57 84 119
31 58 82 94
32 33 47 66
32 34 58 63
32 35 52 59
32 36 94 118
32 37 125 173
32 38 50 70
32 39 67 95
32 40 70 95
32 42 51 63
32 43 9 10
32 44 28 28
32 45 52 62
32 46 75 90
32 47 53 66
32 48 64 85
32 49 60 68
32 50 69 80
32 51 164 222
32 52 20 29
32 53 35 38
32 54 56 74
32 55 90 129
32 56 51 54
32 57 51 63
32 58 41 61
33 34 11 15
33 35 94 98
33 36 87 112
33 37 135 183
33 38 12 13
33 39 97 104
33 40 107 149
33 41 113 151
33 42 13 15
33 43 54 61
33 44 37 50
33 45 17 21
33 46 108 113
33 47 89 112
33 49 20 28
33 52 61 77
33 53 63 70
33 54 87 105
33 55 110 110
33 57 96 102
34 35 105 138
34 36 89 100
34 37 139 207
34 38 15 21
34 39 106 127
34 40 117 174
34 41 123 147
34 42 15 20
34 43 65 90
34 44 46 49
34 45 19 20
34 46 117 146
34 47 99 125
34 48 106 157
34 49 18 26
34 53 72 105
34 54 96 141
34 55 117 152
34 56 72 75
34 57 106 157
34 58 88 130
35 36 97 120
35 37 101 150
35 38 93 97
35 39 32 41
35 40 20 26
35 41 27 37
35 43 43 55
35 44 60 78
35 45 103 124
35 46 31 33
35 47 15 22
35 48 26 27
35 49 111 155
35 50 122 161
35 51 148 157
35 52 57 76
35 53 37 55
35 54 84 86
35 55 62 77
35 56 95 133
35 57 53 79
35 58 19 21
36 37 56 60
36 38 75 91
36 39 71 96
36 40 92 125
36 41 93 100
36 42 100 131
36 43 91 110
36 45 104 117
36 46 83 92
36 47 82 101
36 48 77 101
36 50 128 130
36 51 76 82
36 52 114 128
36 53 67 92
36 54 151 161
36 56 141 162
36 58 80 107
37 38 124 155
37 39 69 95
37 40 85 95
37 41 82 95
37 42 148 154
37 43 118 168
37 45 151 162
37 46 73 104
37 47 86 86
37 48 75 111
37 49 155 186
37 50 175 202
37 51 48 59
37 52 142 176
37 53 90 101
37 54 177 224
37 55 39 48
37 56 176 240
37 58 92 114
38 39 91 105
38 40 104 133
38 41 109 135
38 42 25 26
38 43 56 79
38 44 32 34
38 45 29 37
38 46 103 129
38 47 86 127
38 48 92 106
38 50 52 74
38 51 152 213
38 53 59 88
38 54 96 129
38 55 102 118
38 56 76 104
38 57 101 103
38 58 75 106
39 40 21 22
39 41 22 26
39 42 108 149
39 43 57 75
39 44 60 84
39 45 110 153
39 47 18 21
39 48 6 7
39 50 132 145
39 51 116 156
39 52 79 115
39 53 34 49
39 54 112 126
39 55 30 40
39 56 116 132
39 57 84 96
39 58 26 27
40 41 6 7
40 42 117 173
40 44 71 100
40 45 118 153
40 46 12 15
40 47 18 24
40 48 15 17
40 49 125 155
40 50 138 187
40 51 134 144
40 52 77 105
40 53 45 63
40 54 105 128
40 55 47 68
40 56 115 138
40 57 73 96
40 58 29 40
41 42 123 167
41 43 66 86
41 44 76 98
41 45 124 185
41 47 24 30
41 48 18 22
41 49 131 158
41 50 145 187
41 51 131 173
41 53 50 61
41 54 111 138
41 55 45 51
41 56 122 154
41 57 79 101
41 58 35 40
42 43 60 68
42 44 48 49
42 45 4 4
42 46 119 170
42 47 99 126
42 48 107 158
42 49 8 8
42 50 27 27
42 52 62 70
42 53 73 79
42 56 58 64
42 57 97 104
42 58 87 126
43 44 29 35
43 45 61 80
43 46 65 68
43 47 43 64
43 48 55 67
43 50 79 109
43 51 159 178
43 52 24 35
43 53 28 39
43 54 60 88
43 55 82 88
43 56 59 84
43 57 48 51
43 58 32 39
44 45 50 55
44 46 71 83
44 47 53 55
44 48 60 61
44 49 56 70
44 50 73 94
44 51 140 157
44 52 49 53
44 53 26 36
44 54 84 118
44 55 75 108
44 56 74 99
44 57 77 113
44 58 43 52
45 46 121 140
45 47 100 148
45 48 109 135
45 49 8 10
45 50 24 24
45 51 181 246
45 52 61 65
45 53 75 96
45 54 81 93
45 55 125 156
45 56 55 73
45 57 96 103
46 47 22 23
46 48 11 13
46 49 127 158
46 50 142 188
46 51 121 126
46 52 85 112
46 53 45 62
46 54 115 133
46 55 35 36
46 56 122 133
46 57 84 119
46 58 33 41
47 48 13 14
47 49 107 110
47 50 120 137
47 51 133 197
47 52 62 70
47 53 27 37
47 54 94 136
47 55 48 71
47 57 65 95
47 58 11 14
48 49 116 159
48 50 130 181
48 51 122 124
48 52 75 90
48 53 34 42
48 54 107 117
48 55 36 53
48 56 113 122
48 57 78 88
48 58 22 28
49 50 22 23
49 52 69 86
49 53 82 106
49 54 88 130
49 55 130 167
49 56 61 64
49 57 104 128
49 58 96 143
50 51 204 246
50 52 72 105
50 54 81 91
50 55 149 173
50 56 51 71
50 57 104 104
50 58 109 141
51 52 183 197
51 53 131 154
51 54 219 283
51 55 86 104
51 56 214 305
51 57 198 225
51 58 137 150
52 53 52 64
52 54 36 53
52 55 106 114
52 56 38 56
52 57 35 40
52 58 53 70
53 54 88 124
53 55 55 81
53 56 86 128
53 57 70 71
53 58 18 20
54 55 140 141
54 56 30 31
54 57 37 44
54 58 86 86
55 56 141 145
55 57 114 129
55 58 54 57
56 57 60 70
56 58 90 133
57 58 60 71
