59
145
49
23
58
46
1
21
34
50
22
51
6
32
52
28
55
54
7
16
49
45
56
27
29
18
37
5
11
45
48
40
13
0 1 146 185
0 2 145 171
0 3 181 243
0 7 100 140
0 8 195 270
0 12 64 82
0 13 114 126
0 14 29 37
0 15 108 132
0 16 135 172
0 21 153 200
0 22 145 177
0 24 188 208
0 26 219 269
0 31 38 52
0 33 57 74
0 34 58 76
0 36 144 205
0 38 69 81
0 41 151 177
0 42 44 55
0 43 84 101
0 45 40 44
0 46 149 218
0 47 127 144
0 48 138 187
0 51 220 285
0 53 106 125
0 57 101 151
0 58 116 142
1 2 35 46
1 3 40 44
1 5 40 50
1 6 148 169
1 7 51 58
1 8 67 68
1 10 109 160
1 11 99 132
1 12 112 123
1 13 33 37
1 15 65 74
1 16 52 63
1 17 154 195
1 19 74 85
1 23 113 154
1 26 86 102
1 27 120 132
1 28 139 172
1 31 108 119
1 32 78 98
1 34 102 144
1 35 57 64
1 36 46 61
1 37 47 51
1 39 27 30
1 41 47 61
1 44 61 84
1 45 111 132
1 46 37 39
1 47 42 61
1 48 33 45
1 49 116 169
1 50 134 169
1 51 91 102
1 53 43 56
1 54 130 136
1 56 129 171
1 57 106 111
1 58 45 57
2 3 69 72
2 4 69 77
2 6 129 153
2 7 45 46
2 8 100 125
2 9 66 77
2 11 79 104
2 12 97 141
2 13 52 77
2 14 158 185
2 16 19 19
2 17 160 179
2 19 60 60
2 20 162 242
2 23 119 129
2 25 147 179
2 26 115 128
2 27 110 142
2 28 132 173
2 29 89 128
2 30 36 37
2 31 110 147
2 32 71 86
2 33 104 151
2 34 113 120
2 35 28 35
2 38 99 134
2 40 12 17
2 41 12 12
2 45 116 169
2 47 18 25
2 49 123 152
2 53 41 47
2 54 111 155
2 55 35 35
3 4 120 163
3 5 73 86
3 8 31 35
3 9 33 46
3 10 149 178
3 11 140 190
3 12 152 218
3 13 67 81
3 15 105 144
3 18 122 131
3 19 115 147
3 20 195 249
3 24 13 15
3 25 169 206
3 27 160 212
3 33 127 132
3 35 96 104
3 38 117 140
3 40 81 82
3 41 78 95
3 42 140 176
3 43 111 151
3 46 69 95
3 48 70 97
3 51 52 76
3 52 135 196
3 55 34 49
3 56 169 243
3 58 86 104
4 5 71 76
4 6 70 87
4 8 141 211
4 9 96 107
4 10 31 37
4 14 89 116
4 15 31 44
4 17 97 120
4 18 57 73
4 19 11 15
4 20 94 110
4 22 68 77
4 23 60 81
4 25 88 121
4 26 164 221
4 27 41 52
4 28 63 70
4 29 30 36
4 31 47 55
4 32 6 7
4 35 49 58
4 36 98 137
4 37 127 175
4 38 56 81
4 39 66 76
4 41 74 90
4 42 57 83
4 43 9 10
4 45 57 85
4 46 73 94
4 50 73 108
4 51 167 209
4 53 37 42
4 54 52 60
4 55 91 129
4 56 50 56
5 6 128 139
5 7 48 68
5 10 102 122
5 12 97 140
5 13 57 78
5 14 160 171
5 17 163 236
5 18 107 158
5 20 164 199
5 21 24 34
5 22 10 14
5 23 122 168
5 25 151 157
5 26 119 157
5 27 111 162
5 28 134 192
5 30 31 32
5 32 73 105
5 33 108 130
5 35 27 33
5 36 86 103
5 37 77 79
5 39 15 17
5 40 8 10
5 41 7 8
5 42 118 171
5 43 63 83
5 47 20 28
5 49 126 149
5 50 140 160
5 51 126 135
5 52 82 90
5 53 44 61
5 54 111 125
5 55 39 49
5 56 120 144
5 57 80 86
6 7 98 130
6 9 167 236
6 10 50 52
6 12 38 45
6 17 109 155
6 18 109 120
6 20 92 112
6 22 121 171
6 23 95 112
6 25 110 159
6 27 43 60
6 30 109 134
6 32 74 88
6 34 110 153
6 36 169 188
6 38 111 130
6 40 122 170
6 41 128 164
6 42 96 103
6 44 102 150
6 47 112 159
6 50 89 125
6 52 54 60
6 55 158 196
6 57 51 53
7 8 114 161
7 9 69 70
7 10 59 65
7 12 61 78
7 15 26 37
7 18 61 70
7 19 24 30
7 21 53 53
7 22 49 60
7 23 74 97
7 25 103 118
7 26 135 156
7 27 70 101
7 28 90 113
7 29 44 47
7 30 57 82
7 32 27 36
7 33 60 83
7 34 70 92
7 38 58 71
7 41 53 78
7 42 70 98
7 44 25 32
7 48 38 55
7 49 78 103
7 56 78 103
7 57 62 72
7 58 17 20
8 9 45 46
8 10 168 230
8 11 164 207
8 14 219 259
8 15 132 162
8 17 193 230
8 20 206 219
8 21 79 117
8 22 114 131
8 23 157 187
8 25 176 228
8 26 25 32
8 27 179 241
8 28 194 231
8 29 141 178
8 30 135 146
8 31 157 182
8 32 138 156
8 33 138 156
8 36 51 57
8 37 31 34
8 40 111 122
8 41 109 158
8 42 151 214
8 43 133 166
8 45 155 230
8 46 99 143
8 48 99 127
8 49 157 192
8 50 179 202
8 55 64 83
8 56 188 233
8 57 173 200
8 58 112 134
9 10 123 153
9 11 120 122
9 13 39 41
9 14 174 199
9 16 82 111
9 18 90 93
9 19 94 120
9 20 163 172
9 23 114 124
9 24 44 65
9 27 133 193
9 28 149 199
9 29 96 130
9 30 101 125
9 32 93 104
9 33 95 118
9 34 99 135
9 35 86 120
9 36 18 21
9 40 78 78
9 41 78 109
9 42 108 120
9 43 88 110
9 44 69 81
9 45 112 134
9 49 115 171
9 50 136 154
9 51 71 83
9 53 61 72
9 54 149 215
9 55 38 47
9 56 142 184
9 57 131 186
9 58 71 94
10 11 35 43
10 13 83 86
10 14 58 77
10 15 60 65
10 16 88 116
10 19 40 56
10 20 68 70
10 21 112 128
10 23 48 55
10 24 152 173
10 25 71 77
10 26 191 264
10 28 32 47
10 29 32 46
10 30 95 106
10 34 60 82
10 35 78 97
10 38 60 61
10 39 97 97
10 42 48 59
10 43 39 43
10 47 82 108
10 49 53 57
10 50 51 73
10 52 22 29
10 54 36 47
10 55 122 169
10 56 20 27
11 12 21 23
11 13 82 101
11 14 87 122
11 16 63 91
11 17 111 129
11 18 82 119
11 20 102 108
11 21 96 134
11 22 73 82
11 24 140 177
11 27 40 45
11 28 64 66
11 29 53 54
11 30 64 91
11 31 65 74
11 33 77 109
11 34 87 123
11 35 52 60
11 36 124 142
11 38 82 94
11 39 80 92
11 40 73 105
11 41 80 118
11 42 78 107
11 43 33 34
11 44 61 66
11 45 77 101
11 47 62 66
11 48 75 82
11 49 85 108
11 50 86 126
11 51 190 240
11 52 16 18
11 53 58 84
11 56 45 60
12 13 90 97
12 14 65 75
12 15 54 76
12 16 82 102
12 18 75 93
12 19 38 50
12 22 92 98
12 23 66 87
12 25 89 108
12 26 196 258
12 29 47 47
12 30 85 109
12 31 51 57
12 32 36 50
12 33 68 73
12 34 78 82
12 36 130 174
12 37 159 231
12 40 92 107
12 43 41 54
12 44 64 73
12 45 64 69
12 47 79 99
12 49 71 90
12 50 69 95
12 54 20 24
12 55 123 123
12 57 36 51
12 58 69 72
13 14 136 199
13 15 57 81
13 17 120 122
13 19 56 65
13 23 80 97
13 24 73 77
13 26 108 148
13 27 94 112
13 30 79 117
13 31 76 81
13 33 62 73
13 35 59 87
13 37 74 89
13 40 61 91
13 41 64 94
13 43 49 66
13 44 30 44
13 45 78 89
13 46 56 71
13 47 45 67
13 48 46 58
13 51 111 155
13 57 95 137
14 15 117 132
14 17 58 67
14 18 91 123
14 22 156 196
14 23 67 84
14 24 208 231
14 26 243 330
14 28 26 33
14 29 78 97
14 30 151 184
14 32 88 120
14 33 83 105
14 34 86 101
14 35 136 185
14 36 169 195
14 37 210 242
14 38 95 117
14 40 155 215
14 41 162 229
14 43 97 114
14 44 105 147
14 45 67 93
14 46 162 219
14 48 152 198
14 51 245 245
14 55 178 230
14 56 41 49
14 58 129 130
15 16 28 28
15 17 128 145
15 18 82 94
15 22 38 55
15 25 118 173
15 26 151 173
15 27 69 93
15 29 59 71
15 30 37 43
15 31 77 102
15 34 90 109
15 35 18 18
15 36 98 115
15 37 111 153
15 38 80 84
15 39 44 46
15 40 38 52
15 41 45 49
15 44 49 51
15 46 47 54
15 47 26 30
15 48 39 50
15 49 95 116
15 52 38 42
15 53 31 42
15 54 68 68
15 55 73 91
15 56 76 92
16 17 154 228
16 19 47 64
16 22 10 11
16 23 114 161
16 26 134 151
16 27 97 101
16 28 120 126
16 31 103 103
16 33 101 125
16 34 111 114
16 35 10 10
16 37 93 130
16 38 98 146
16 40 10 12
16 41 16 23
16 42 110 152
16 43 51 60
16 45 111 136
16 46 21 23
16 49 118 154
16 54 95 129
16 55 54 54
16 57 63 80
16 58 23 26
17 18 62 66
17 20 23 23
17 25 16 17
17 26 218 262
17 28 56 59
17 29 71 95
17 30 166 182
17 32 93 112
17 33 58 73
17 34 53 77
17 35 146 165
17 36 141 188
17 37 192 248
17 39 154 155
17 40 162 194
17 41 168 246
17 42 46 50
17 44 94 107
17 45 43 44
17 46 164 180
17 47 144 153
17 50 24 34
17 51 217 316
17 52 96 104
17 53 119 162
17 54 104 110
17 56 74 91
17 57 129 149
17 58 132 180
18 19 67 90
18 20 73 83
18 23 25 25
18 24 131 178
18 25 47 67
18 26 157 177
18 27 66 95
18 28 69 83
18 29 29 39
18 32 51 69
18 34 9 12
18 35 96 125
18 36 80 117
18 37 130 134
18 38 5 6
18 39 96 133
18 42 20 27
18 44 36 38
18 45 24 29
18 46 108 145
18 49 25 25
18 51 157 194
18 52 67 92
18 54 95 140
18 55 107 143
18 56 73 105
18 58 79 88
19 20 106 127
19 22 58 84
19 23 71 92
19 24 117 146
19 25 99 117
19 26 160 193
19 30 57 78
19 34 74 88
19 35 38 53
19 36 98 126
19 37 121 129
19 39 58 77
19 40 57 59
19 41 63 94
19 42 68 88
19 43 9 12
19 45 68 74
19 46 64 70
19 49 76 96
19 51 164 196
19 52 21 23
19 54 55 71
19 55 85 88
20 21 169 211
20 24 202 208
20 25 35 44
20 26 231 238
20 28 41 54
20 29 73 102
20 30 162 197
20 31 52 76
20 32 91 116
20 33 67 96
20 35 144 148
20 38 79 99
20 39 157 167
20 41 168 179
20 46 166 190
20 47 144 173
20 48 155 197
20 49 48 58
20 51 231 253
20 52 90 100
20 55 175 256
20 56 60 62
20 58 133 142
21 22 34 47
21 24 46 50
21 25 151 198
21 26 95 110
21 31 117 130
21 32 81 90
21 35 47 65
21 37 54 57
21 38 100 117
21 39 16 21
21 43 72 97
21 44 71 94
21 45 121 161
21 46 19 21
21 48 21 24
21 51 102 128
21 53 47 65
21 55 15 19
21 57 100 113
21 58 42 60
22 23 123 165
22 24 79 99
22 25 151 212
22 30 21 24
22 32 71 78
22 33 110 112
22 34 119 170
22 36 95 123
22 38 106 150
22 39 24 27
22 40 3 3
22 41 7 8
22 42 119 133
22 44 73 87
22 45 120 143
22 46 15 18
22 47 20 23
22 50 140 176
22 51 136 173
22 52 77 115
22 54 105 139
22 55 50 68
22 56 115 126
22 58 31 34
23 24 153 183
23 25 28 41
23 26 181 248
23 30 127 157
23 31 15 15
23 32 55 72
23 34 18 25
23 36 105 136
23 37 153 224
23 38 30 39
23 39 113 158
23 40 121 152
23 41 127 189
23 42 5 5
23 43 64 95
23 44 53 68
23 45 3 4
23 46 123 161
23 47 103 138
23 48 112 145
23 49 5 6
23 50 22 27
23 51 182 251
23 53 78 114
23 54 83 119
23 55 128 169
24 25 178 253
24 26 50 66
24 28 182 206
24 29 131 143
24 31 150 173
24 32 121 178
24 34 140 140
24 41 73 76
24 44 103 116
24 45 151 190
24 48 68 78
24 49 156 200
24 51 58 58
24 54 172 209
24 55 32 44
24 56 172 183
24 57 146 164
24 58 86 99
25 26 201 251
25 29 59 87
25 31 41 57
25 36 125 164
25 37 177 177
25 38 52 72
25 39 140 160
25 40 150 184
25 42 32 32
25 43 92 98
25 46 151 173
25 47 131 159
25 48 140 180
25 49 24 34
25 51 201 208
25 52 89 97
25 53 106 145
25 55 154 167
25 56 73 79
25 58 120 164
26 27 202 258
26 28 218 290
26 30 150 185
26 33 163 211
26 34 165 241
26 36 76 91
26 37 41 47
26 41 123 164
26 42 176 248
26 43 155 173
26 45 180 227
26 46 114 166
26 47 127 141
26 55 80 119
26 56 211 237
26 57 193 276
27 28 24 34
27 30 103 136
27 33 58 66
27 34 67 84
27 35 87 101
27 36 132 150
27 37 167 199
27 41 114 163
27 42 53 72
27 43 50 57
27 44 65 66
27 46 114 134
27 49 56 59
27 50 51 72
27 52 30 40
27 53 77 107
27 54 31 34
27 56 9 11
28 29 53 58
28 35 111 143
28 36 144 199
28 38 73 87
28 39 129 139
28 40 130 183
28 41 137 170
28 42 51 65
28 44 80 104
28 46 136 186
28 48 126 186
28 50 37 51
28 51 220 256
28 54 48 49
28 57 79 86
28 58 103 108
29 30 96 105
29 31 20 29
29 34 34 49
29 36 92 119
29 38 29 41
29 39 84 118
29 42 27 35
29 43 33 33
29 44 27 39
29 45 28 36
29 46 94 103
29 47 73 82
29 49 35 39
29 51 167 206
29 53 49 60
29 54 67 72
29 55 102 126
29 57 72 85
29 58 61 66
30 31 115 141
30 32 72 103
30 33 116 161
30 39 44 46
30 40 24 24
30 41 26 26
30 44 83 98
30 46 36 47
30 47 33 33
30 52 73 78
30 53 59 61
30 55 71 97
30 57 58 59
31 32 42 53
31 33 22 24
31 34 29 31
31 36 107 134
31 39 104 106
31 41 117 173
31 42 14 16
31 43 52 76
31 44 47 62
31 45 12 17
31 46 114 146
31 49 20 25
31 50 27 35
31 51 183 273
31 53 70 85
31 56 43 56
31 57 84 111
31 58 82 102
32 33 47 59
32 34 58 59
32 37 125 147
32 38 50 63
32 40 70 94
32 42 51 66
32 43 9 13
32 44 28 28
32 45 52 65
32 46 75 109
32 47 53 55
32 49 60 60
32 50 69 73
32 51 164 225
32 52 20 20
32 53 35 37
32 57 51 74
32 58 41 44
33 34 11 13
33 37 135 164
33 38 12 13
33 40 107 155
33 42 13 14
33 44 37 48
33 48 97 119
33 49 20 26
33 50 41 58
33 51 163 174
33 52 61 68
33 54 87 127
33 55 110 160
33 56 65 95
33 57 96 135
33 58 78 97
34 35 105 113
34 36 89 124
34 37 139 171
34 38 15 21
34 39 106 133
34 40 117 168
34 41 123 149
34 42 15 17
34 43 65 90
34 44 46 51
34 46 117 137
34 48 106 158
34 51 165 176
34 53 72 74
34 54 96 123
34 56 72 78
34 58 88 90
35 36 97 103
35 37 101 143
35 39 32 46
35 43 43 56
35 44 60 88
35 45 103 114
35 46 31 39
35 48 26 36
35 49 111 150
35 50 122 137
35 51 148 167
35 52 57 81
35 53 37 39
35 54 84 120
35 55 62 92
35 58 19 27
36 37 56 75
36 39 71 76
36 40 92 108
36 41 93 110
36 42 100 114
36 44 67 98
36 45 104 138
36 46 83 99
36 47 82 86
36 48 77 113
36 49 106 122
36 50 128 170
36 54 151 166
36 55 56 77
36 56 141 148
37 38 124 139
37 39 69 80
37 41 82 92
37 43 118 175
37 45 151 169
37 46 73 76
37 47 86 87
37 49 155 179
37 51 48 59
37 52 142 154
37 54 177 229
37 56 176 197
37 57 152 167
37 58 92 125
38 39 91 91
38 43 56 77
38 45 29 38
38 47 86 122
38 48 92 130
38 49 31 32
38 50 52 68
38 54 96 136
38 55 102 104
38 58 75 80
39 40 21 29
39 41 22 27
39 42 108 147
39 43 57 68
39 44 60 83
39 45 110 117
39 49 116 127
39 50 132 178
39 52 79 102
39 53 34 38
39 54 112 125
39 56 116 173
39 58 26 29
40 41 6 8
40 42 117 141
40 43 60 88
40 44 71 83
40 45 118 132
40 48 15 17
40 50 138 157
40 51 134 156
40 52 77 80
40 54 105 136
40 55 47 67
40 56 115 125
40 58 29 33
41 42 123 139
41 44 76 76
41 45 124 182
41 46 10 10
41 48 18 18
41 50 145 209
41 52 84 109
41 54 111 117
41 57 79 118
42 43 60 75
42 44 48 70
42 45 4 4
42 46 119 151
42 47 99 104
42 52 62 62
42 53 73 92
42 55 122 154
42 57 97 99
42 58 87 112
43 44 29 41
43 46 65 68
43 47 43 57
43 50 79 93
43 51 159 228
43 54 60 85
43 58 32 36
44 45 50 63
44 46 71 89
44 47 53 70
44 49 56 60
44 51 140 141
44 53 26 36
44 54 84 95
44 58 43 44
45 46 121 149
45 47 100 141
45 48 109 142
45 49 8 9
45 52 61 81
45 53 75 90
45 54 81 97
45 55 125 159
45 56 55 62
45 58 89 98
46 47 22 30
46 48 11 11
46 51 121 162
46 52 85 105
46 53 45 47
46 55 35 49
46 57 84 102
47 48 13 15
47 50 120 161
47 53 27 32
47 54 94 105
47 57 65 82
47 58 11 13
48 49 116 143
48 50 130 170
48 51 122 154
48 52 75 83
48 56 113 132
49 50 22 27
49 51 183 207
49 52 69 83
49 53 82 89
49 55 130 148
50 51 204 290
50 53 97 144
50 54 81 97
50 55 149 216
50 56 51 71
50 57 104 124
50 58 109 137
51 52 183 202
51 53 131 180
51 54 219 314
51 55 86 108
51 56 214 272
51 57 198 237
52 53 52 60
52 54 36 40
52 56 38 42
52 57 35 47
52 58 53 77
53 54 88 123
53 55 55 57
53 56 86 112
53 57 70 84
53 58 18 22
54 55 140 179
54 56 30 36
54 57 37 54
54 58 86 108
55 56 141 171
55 57 114 115
56 57 60 72
57 58 60 74
