59
99
80
41
7
6
52
34
57
38
25
28
22
55
46
41
18
53
3
19
30
16
40
2
31
32
20
45
13
56
0
50
33
42
11
24
47
23
39
4
27
5
26
48
36
5
31
6
45
39
50
0 1 146 218
0 3 181 187
0 4 77 92
0 5 147 182
0 6 76 107
0 7 100 123
0 8 195 252
0 9 151 209
0 10 49 65
0 11 84 121
0 12 64 82
0 13 114 165
0 14 29 30
0 15 108 139
0 16 135 195
0 17 32 38
0 18 64 72
0 19 88 96
0 20 18 19
0 21 153 189
0 22 145 197
0 23 39 55
0 24 188 222
0 25 37 38
0 26 219 301
0 27 44 60
0 28 24 34
0 29 57 66
0 30 144 150
0 31 38 42
0 32 74 74
0 33 57 73
0 34 58 75
0 35 126 139
0 36 144 193
0 37 189 234
0 38 69 100
0 39 140 182
0 40 144 159
0 41 151 176
0 42 44 48
0 43 84 100
0 45 40 51
0 46 149 162
0 47 127 156
0 48 138 144
0 49 40 54
0 50 19 19
0 51 220 252
0 52 71 95
0 53 106 118
0 54 72 89
0 55 160 201
0 56 42 60
0 57 101 110
0 58 116 168
1 2 35 36
1 3 40 55
1 4 80 109
1 5 40 51
1 6 148 159
1 7 51 64
1 8 67 75
1 9 30 33
1 10 109 129
1 11 99 120
1 12 112 167
1 13 33 40
1 14 165 166
1 15 65 96
1 17 154 213
1 18 92 108
1 19 74 100
1 20 161 177
1 21 20 27
1 23 113 136
1 24 43 59
1 26 86 91
1 27 120 152
1 28 139 176
1 30 71 76
1 31 108 136
1 32 78 99
1 33 95 129
1 34 102 107
1 35 57 73
1 37 47 58
1 38 87 108
1 39 27 29
1 40 47 48
1 41 47 62
1 42 108 156
1 43 71 75
1 44 61 68
1 45 111 141
1 46 37 48
1 47 42 56
1 48 33 40
1 50 134 153
1 51 91 126
1 52 95 112
1 53 43 63
1 54 130 164
1 55 14 16
1 56 129 138
1 57 106 151
1 58 45 61
2 3 69 71
2 4 69 72
2 5 5 5
2 6 129 146
2 8 100 120
2 9 66 91
2 10 100 136
2 11 79 85
2 12 97 134
2 13 52 67
2 14 158 217
2 15 43 62
2 16 19 27
2 17 160 165
2 18 104 141
2 19 60 65
2 20 162 219
2 21 20 20
2 22 15 19
2 23 119 136
2 24 66 87
2 26 115 141
2 27 110 118
2 28 132 194
2 29 89 126
2 30 36 50
2 31 110 153
2 32 71 71
2 33 104 155
2 34 113 123
2 36 81 98
2 38 99 140
2 39 10 10
2 40 12 17
2 41 12 16
2 42 114 125
2 43 61 75
2 44 67 97
2 45 116 150
2 46 4 4
2 47 18 25
2 49 123 177
2 50 137 183
2 51 122 174
2 52 81 85
2 53 41 46
2 54 111 119
2 55 35 37
2 56 119 135
2 58 29 38
3 4 120 146
3 5 73 84
3 6 189 210
3 7 91 107
3 8 31 46
3 9 33 46
3 10 149 183
3 11 140 187
3 12 152 162
3 13 67 85
3 14 203 219
3 15 105 134
3 16 88 112
3 18 122 130
3 19 115 149
3 20 195 228
3 22 84 123
3 23 146 201
3 25 169 196
3 26 46 53
3 27 160 216
3 29 125 153
3 30 105 106
3 33 127 138
3 34 131 174
3 35 96 139
3 36 49 71
3 37 7 7
3 38 117 147
3 39 63 73
3 40 81 106
3 41 78 79
3 42 140 170
3 43 111 139
3 44 97 109
3 46 69 77
3 47 81 114
3 48 70 102
3 50 168 238
3 51 52 55
3 52 135 139
3 54 170 203
3 55 34 49
3 56 169 169
3 57 147 215
3 58 86 99
4 5 71 101
4 6 70 98
4 7 29 43
4 8 141 182
4 9 96 111
4 10 31 45
4 11 27 30
4 12 32 32
4 13 57 63
4 14 89 117
4 15 31 43
4 16 58 64
4 17 97 121
4 18 57 57
4 19 11 15
4 20 94 103
4 21 81 117
4 22 68 70
4 23 60 81
4 24 123 124
4 25 88 106
4 26 164 195
4 27 41 47
4 28 63 93
4 29 30 43
4 30 68 79
4 32 6 7
4 33 53 62
4 35 49 56
4 36 98 125
4 37 127 130
4 38 56 58
4 39 66 97
4 40 67 78
4 41 74 83
4 42 57 64
4 43 9 11
4 45 57 57
4 46 73 104
4 47 51 59
4 48 63 81
4 49 65 71
4 50 73 78
4 51 167 227
4 52 16 16
4 53 37 40
4 54 52 60
4 55 91 111
4 56 50 51
4 58 40 57
5 6 128 165
5 7 48 58
5 8 104 153
5 9 71 80
5 10 102 119
5 11 79 80
5 12 97 104
5 13 57 79
5 14 160 217
5 16 17 17
5 17 163 201
5 18 107 122
5 19 61 62
5 20 164 184
5 22 10 10
5 23 122 145
5 24 69 69
5 25 151 190
5 26 119 141
5 27 111 150
5 29 92 93
5 30 31 35
5 31 113 166
5 32 73 87
5 33 108 149
5 34 117 170
5 35 27 38
5 36 86 121
5 38 103 141
5 39 15 17
5 40 8 9
5 41 7 7
5 42 118 140
5 43 63 72
5 44 71 92
5 45 119 146
5 46 4 4
5 47 20 21
5 48 11 14
5 49 126 158
5 50 140 208
5 51 126 157
5 52 82 85
5 54 111 138
5 55 39 52
5 56 120 123
5 57 80 86
5 58 31 43
6 9 167 189
6 10 50 62
6 11 50 68
6 12 38 52
6 13 128 171
6 14 61 67
6 16 112 118
6 17 109 119
6 18 109 142
6 19 74 83
6 20 92 122
6 21 146 164
6 22 121 171
6 23 95 104
6 24 190 205
6 25 110 160
6 26 234 313
6 27 43 52
6 28 53 69
6 29 83 112
6 31 81 120
6 32 74 88
6 33 101 138
6 34 110 157
6 35 101 124
6 36 169 244
6 37 195 286
6 38 111 128
6 39 130 185
6 40 122 161
6 41 128 164
6 42 96 109
6 43 79 85
6 44 102 111
6 45 93 101
6 46 132 142
6 47 112 151
6 48 125 178
6 49 99 104
6 50 89 123
6 53 106 120
6 54 18 26
6 55 158 166
6 56 38 53
6 57 51 51
6 58 104 148
7 9 69 99
7 10 59 75
7 11 50 54
7 12 61 71
7 15 26 33
7 16 40 57
7 17 115 144
7 18 61 79
7 19 24 28
7 20 117 119
7 21 53 76
7 22 49 63
7 23 74 77
7 24 94 140
7 25 103 136
7 26 135 172
7 27 70 86
7 28 90 103
7 29 44 45
7 30 57 58
7 31 65 67
7 32 27 38
7 33 60 88
7 34 70 102
7 35 35 44
7 36 74 94
7 37 98 111
7 38 58 66
7 39 39 42
7 40 47 62
7 41 53 66
7 42 70 85
7 43 20 26
7 44 25 29
7 45 71 99
7 46 49 53
7 47 28 32
7 48 38 49
7 49 78 81
7 50 92 123
7 51 139 170
7 52 44 50
7 53 8 9
7 54 80 96
7 55 62 84
7 56 78 90
7 57 62 88
7 58 17 17
8 9 45 58
8 10 168 195
8 11 164 231
8 12 174 260
8 13 85 112
8 14 219 316
8 15 132 141
8 16 118 156
8 17 193 226
8 18 132 181
8 19 138 144
8 21 79 102
8 22 114 148
8 23 157 165
8 24 41 49
8 25 176 217
8 26 25 34
8 27 179 264
8 28 194 200
8 29 141 187
8 30 135 189
8 31 157 169
8 32 138 192
8 33 138 196
8 35 124 124
8 36 51 58
8 37 31 33
8 38 126 140
8 39 93 127
8 40 111 148
8 41 109 140
8 42 151 153
8 43 133 195
8 44 114 153
8 45 155 170
8 46 99 111
8 47 109 117
8 48 99 142
8 49 157 224
8 50 179 190
8 51 26 35
8 52 157 176
8 53 105 113
8 54 194 267
8 55 64 83
8 56 188 244
8 57 173 177
8 58 112 113
9 10 123 183
9 11 120 134
9 12 129 175
9 13 39 56
9 15 90 129
9 16 82 112
9 17 152 227
9 18 90 102
9 19 94 117
9 20 163 179
9 21 50 71
9 22 81 94
9 24 44 46
9 25 136 186
9 26 69 98
9 27 133 174
9 28 149 216
9 29 96 126
9 31 113 140
9 32 93 112
9 33 95 140
9 34 99 120
9 35 86 93
9 36 18 23
9 37 41 58
9 38 84 92
9 39 57 70
9 40 78 107
9 41 78 90
9 42 108 118
9 43 88 95
9 44 69 87
9 45 112 119
9 46 68 101
9 47 70 99
9 48 63 66
9 49 115 144
9 50 136 191
9 51 71 90
9 52 112 144
9 53 61 76
9 54 149 199
9 55 38 52
9 56 142 197
9 58 71 99
10 12 18 25
10 13 83 95
10 14 58 83
10 15 60 75
10 16 88 115
10 17 76 105
10 18 59 65
10 19 40 57
10 20 68 97
10 21 112 133
10 22 98 117
10 23 48 64
10 24 152 216
10 25 71 94
10 27 11 11
10 28 32 34
10 29 32 41
10 31 33 36
10 32 31 37
10 33 51 70
10 35 78 113
10 36 121 181
10 37 156 227
10 38 60 84
10 39 97 119
10 40 97 144
10 41 104 140
10 42 48 66
10 43 39 58
10 44 54 73
10 45 45 64
10 46 104 109
10 47 82 121
10 48 94 135
10 49 53 73
10 51 194 240
10 52 22 27
10 53 66 83
10 54 36 44
10 56 20 27
10 57 52 75
10 58 71 81
11 12 21 26
11 13 82 115
11 14 87 87
11 15 36 38
11 17 111 153
11 18 82 96
11 20 102 129
11 21 96 132
11 22 73 89
11 23 80 89
11 25 105 153
11 29 53 56
11 30 64 90
11 31 65 92
11 32 33 47
11 33 77 98
11 34 87 122
11 35 52 69
11 36 124 171
11 37 146 182
11 38 82 103
11 39 80 91
11 40 73 76
11 41 80 101
11 42 78 91
11 43 33 47
11 44 61 84
11 45 77 114
11 46 83 83
11 47 62 69
11 48 75 102
11 49 85 88
11 51 190 199
11 52 16 16
11 53 58 72
11 54 32 39
11 55 108 123
11 56 45 49
11 57 19 20
11 58 54 67
12 13 90 125
12 14 65 74
12 15 54 80
12 16 82 96
12 17 93 120
12 18 75 88
12 19 38 45
12 20 82 115
12 21 111 117
12 22 92 104
12 23 66 72
12 24 155 219
12 25 89 104
12 26 196 227
12 27 19 21
12 28 43 56
12 29 47 64
12 30 85 111
12 31 51 66
12 32 36 38
12 34 78 94
12 35 72 90
12 36 130 157
12 37 159 170
12 38 76 94
12 39 96 99
12 40 92 116
12 41 99 119
12 42 66 98
12 43 41 49
12 44 64 66
12 45 64 73
12 46 100 117
12 47 79 99
12 48 91 103
12 50 69 77
12 51 200 220
12 52 17 22
12 53 69 86
12 55 123 171
12 57 36 41
12 58 69 95
13 14 136 171
13 15 57 66
13 16 59 62
13 17 120 161
13 18 59 77
13 19 56 78
13 20 128 128
13 21 48 69
13 22 64 75
13 23 80 93
13 24 73 98
13 25 106 144
13 26 108 126
13 27 94 137
13 28 110 158
13 29 57 73
13 30 79 101
13 31 76 95
13 32 53 54
13 33 62 88
13 35 59 64
13 36 42 56
13 37 74 100
13 38 53 69
13 39 42 57
13 40 61 84
13 41 64 89
13 42 75 96
13 43 49 68
13 44 30 40
13 45 78 87
13 46 56 65
13 47 45 62
13 49 83 115
13 50 102 140
13 51 111 116
13 52 73 80
13 53 25 35
13 54 110 133
13 55 48 62
13 56 103 148
13 57 95 113
13 58 40 49
14 15 117 140
14 16 146 214
14 17 58 73
14 18 91 111
14 19 98 133
14 20 35 43
14 21 170 203
14 22 156 208
14 23 67 85
14 24 208 282
14 25 66 72
14 26 243 285
14 27 48 65
14 28 26 37
14 29 78 108
14 30 151 170
14 31 62 87
14 32 88 97
14 33 83 88
14 34 86 92
14 35 136 176
14 37 210 275
14 38 95 135
14 39 155 171
14 40 155 171
14 41 162 226
14 42 71 72
14 43 97 120
14 45 67 98
14 46 162 206
14 47 140 200
14 48 152 213
14 49 69 79
14 50 48 65
14 51 245 279
14 52 78 108
14 54 64 82
14 55 178 245
14 56 41 44
14 57 99 112
14 58 129 148
15 16 28 31
15 17 128 156
15 18 82 96
15 19 19 20
15 20 126 168
15 21 60 73
15 22 38 41
15 23 90 90
15 24 105 156
15 25 118 169
15 26 151 174
15 27 69 81
15 28 92 109
15 29 59 80
15 30 37 45
15 31 77 96
15 32 35 35
15 33 80 118
15 34 90 113
15 35 18 22
15 36 98 127
15 37 111 113
15 38 80 116
15 39 44 47
15 40 38 40
15 41 45 67
15 42 86 88
15 43 26 28
15 44 49 51
15 45 87 97
15 46 47 51
15 47 26 33
15 48 39 52
15 49 95 123
15 50 104 120
15 51 157 216
15 52 38 42
15 54 68 84
15 55 73 107
15 56 76 76
15 57 41 41
15 58 19 24
16 18 102 143
16 20 153 200
16 21 39 50
16 22 10 10
16 23 114 167
16 24 85 98
16 25 142 185
16 26 134 196
16 27 97 99
16 28 120 154
16 29 83 113
16 30 20 22
16 31 103 111
16 32 61 72
16 33 101 106
16 34 111 117
16 35 10 12
16 36 94 100
16 37 93 114
16 39 25 31
16 40 10 13
16 41 16 18
16 42 110 135
16 43 51 57
16 44 66 93
16 45 111 148
16 46 21 21
16 47 14 20
16 48 19 25
16 49 118 168
16 50 130 145
16 51 141 146
16 52 67 100
16 53 40 58
16 54 95 109
16 55 54 65
16 56 105 155
16 58 23 25
17 18 62 92
17 19 109 123
17 20 23 32
17 21 165 195
17 22 163 188
17 23 41 42
17 24 193 242
17 25 16 20
17 26 218 270
17 27 74 76
17 28 56 59
17 29 71 103
17 30 166 185
17 31 51 73
17 32 93 135
17 34 53 73
17 35 146 189
17 36 141 150
17 37 192 229
17 38 67 100
17 39 154 214
17 40 162 192
17 41 168 188
17 42 46 66
17 43 103 108
17 45 43 54
17 46 164 208
17 47 144 146
17 48 153 166
17 49 38 43
17 50 24 26
17 51 217 230
17 52 96 103
17 53 119 147
17 54 104 106
17 55 168 200
17 56 74 76
17 57 129 159
17 58 132 136
18 19 67 87
18 20 73 79
18 21 105 153
18 22 110 134
18 24 131 136
18 25 47 64
18 27 66 98
18 28 69 76
18 29 29 30
18 30 118 159
18 31 30 32
18 32 51 63
18 33 8 11
18 34 9 11
18 35 96 121
18 36 80 102
18 37 130 190
18 38 5 7
18 39 96 108
18 40 108 123
18 41 113 159
18 42 20 23
18 43 58 63
18 44 36 48
18 45 24 28
18 46 108 131
18 47 89 126
18 49 25 32
18 50 47 67
18 51 157 176
18 52 67 75
18 53 63 73
18 54 95 127
18 55 107 137
18 56 73 100
18 57 101 131
18 58 79 114
19 20 106 148
19 21 73 109
19 23 71 74
19 24 117 131
19 25 99 107
19 26 160 197
19 27 50 62
19 28 73 74
19 29 41 60
19 30 57 66
19 31 58 73
19 34 74 76
19 35 38 51
19 36 98 133
19 37 121 152
19 38 65 66
19 39 58 84
19 40 57 69
19 42 68 90
19 43 9 11
19 44 38 50
19 46 64 69
19 47 41 56
19 49 76 106
19 50 84 111
19 51 164 216
19 52 21 22
19 53 32 46
19 54 55 70
19 57 39 56
19 58 31 36
20 21 169 217
20 22 163 232
20 24 202 257
20 25 35 45
20 26 231 279
20 27 63 76
20 28 41 52
20 29 73 95
20 30 162 176
20 31 52 56
20 32 91 126
20 33 67 85
20 34 66 72
20 35 144 176
20 36 154 165
20 37 202 229
20 38 79 85
20 39 157 201
20 40 162 232
20 41 168 209
20 42 54 70
20 43 101 103
20 44 99 115
20 45 50 63
20 46 166 247
20 47 144 156
20 48 155 215
20 49 48 61
20 50 26 37
20 52 90 95
20 53 122 155
20 54 89 111
20 55 175 175
20 56 60 75
20 57 119 164
20 58 133 178
21 22 34 42
21 23 124 184
21 24 46 58
21 25 151 215
21 26 95 96
21 27 123 130
21 28 143 192
21 29 96 114
21 30 55 75
21 31 117 155
21 32 81 84
21 34 115 124
21 35 47 51
21 36 66 77
21 37 54 62
21 38 100 103
21 39 16 19
21 41 29 30
21 42 119 177
21 43 72 94
21 44 71 102
21 46 19 24
21 47 34 36
21 48 21 29
21 49 127 166
21 50 144 172
21 51 102 103
21 52 95 136
21 53 47 64
21 54 128 184
21 55 15 20
21 56 131 143
21 57 100 133
21 58 42 59
22 23 123 134
22 25 151 175
22 26 129 183
22 27 108 146
22 28 131 145
22 29 92 137
22 30 21 24
22 31 112 166
22 32 71 75
22 33 110 128
22 34 119 151
22 35 20 21
22 36 95 99
22 37 88 118
22 38 106 119
22 39 24 33
22 40 3 3
22 41 7 7
22 42 119 125
22 43 61 66
22 44 73 80
22 45 120 147
22 46 15 15
22 47 20 23
22 48 18 24
22 49 127 132
22 50 140 205
22 51 136 170
22 52 77 78
22 53 47 49
22 55 50 69
22 56 115 134
22 57 72 107
22 58 31 37
23 25 28 37
23 26 181 242
23 28 48 58
23 29 31 35
23 30 127 144
23 31 15 21
23 32 55 77
23 33 18 26
23 34 18 20
23 35 106 136
23 36 105 122
23 37 153 222
23 38 30 37
23 39 113 132
23 40 121 163
23 41 127 130
23 42 5 5
23 43 64 78
23 44 53 65
23 45 3 3
23 46 123 124
23 47 103 128
23 48 112 130
23 49 5 6
23 50 22 28
23 51 182 202
23 52 64 85
23 53 78 101
23 54 83 101
23 55 128 174
23 56 56 72
23 57 99 110
23 58 92 97
24 25 178 266
24 26 50 58
24 27 163 168
24 28 182 226
24 29 131 143
24 30 100 110
24 31 150 174
24 32 121 131
24 33 135 148
24 34 140 160
24 35 93 119
24 36 61 62
24 37 10 14
24 38 125 175
24 39 62 77
24 40 77 114
24 41 73 97
24 42 148 162
24 43 114 147
24 44 103 133
24 45 151 202
24 46 64 74
24 47 80 94
24 48 68 75
24 49 156 207
24 50 175 190
24 51 58 71
24 52 138 182
24 53 86 92
24 54 172 173
24 55 32 32
24 56 172 228
24 57 146 186
25 27 71 97
25 28 58 67
25 29 59 71
25 30 156 178
25 31 41 48
25 32 83 95
25 33 43 46
25 34 37 49
25 35 135 157
25 36 125 173
25 37 177 247
25 38 52 63
25 39 140 155
25 40 150 152
25 41 156 170
25 42 32 43
25 44 80 100
25 45 31 32
25 46 151 196
25 47 131 179
25 48 140 175
25 50 21 24
25 51 201 272
25 52 89 101
25 54 102 126
25 55 154 159
25 56 73 86
25 57 123 159
25 58 120 124
26 27 202 230
26 28 218 228
26 30 150 188
26 31 181 233
26 32 161 218
26 33 163 184
26 34 165 196
26 35 142 149
26 36 76 102
26 37 41 52
26 38 151 216
26 39 110 157
26 40 127 184
26 43 155 177
26 44 138 195
26 46 114 148
26 48 116 134
26 50 204 227
26 52 179 265
26 53 127 151
26 54 215 217
26 55 80 93
26 56 211 259
26 57 193 210
26 58 132 182
27 28 24 25
27 29 41 51
27 30 103 149
27 31 38 45
27 32 42 52
27 33 58 80
27 34 67 93
27 35 87 90
27 36 132 195
27 37 167 238
27 38 68 82
27 39 108 146
27 40 107 146
27 41 114 156
27 42 53 69
27 43 50 72
27 44 65 93
27 47 92 123
27 48 104 149
27 50 51 74
27 51 205 299
27 52 30 35
27 53 77 97
27 54 31 37
27 55 132 182
27 56 9 13
27 57 56 65
27 58 81 93
28 29 53 61
28 30 127 139
28 31 39 54
28 32 62 77
28 33 61 85
28 34 66 74
28 35 111 164
28 36 144 206
28 37 184 222
28 38 73 94
28 39 129 182
28 40 130 170
28 41 137 173
28 42 51 59
28 43 71 105
28 44 80 105
28 45 47 50
28 46 136 200
28 47 114 158
28 48 126 152
28 49 51 64
28 50 37 55
28 51 220 248
28 52 53 73
28 53 97 97
28 54 48 59
28 55 152 189
28 56 19 22
28 57 79 111
28 58 103 106
29 31 20 27
29 32 24 26
29 33 23 27
29 34 34 46
29 35 75 78
29 36 92 121
29 37 132 156
29 38 29 37
29 39 84 112
29 41 97 123
29 42 27 35
29 43 33 47
29 44 27 38
29 45 28 30
29 46 94 94
29 47 73 85
29 48 82 107
29 49 35 48
29 50 48 59
29 51 167 217
29 52 37 42
29 53 49 69
29 55 102 127
29 56 49 58
29 57 72 105
29 58 61 63
30 31 115 164
30 32 72 93
30 33 116 118
30 34 127 146
30 35 22 27
30 36 114 128
30 37 109 124
30 38 115 124
30 39 44 63
30 40 24 24
30 41 26 27
30 42 124 154
30 43 63 80
30 44 83 90
30 45 124 144
30 46 36 49
30 47 33 40
30 48 38 39
30 49 132 150
30 50 142 202
30 51 158 193
30 52 73 102
30 53 59 72
30 54 94 131
30 56 110 138
30 57 58 59
30 58 41 52
31 32 42 54
31 33 22 22
31 34 29 37
31 35 95 133
31 36 107 136
31 37 151 171
31 38 34 37
31 39 104 144
31 40 111 164
31 41 117 138
31 42 14 15
31 43 52 64
31 44 47 51
31 46 114 132
31 47 93 137
31 48 103 113
31 49 20 28
31 50 27 30
31 51 183 253
31 52 49 66
31 53 70 98
31 54 68 86
31 55 122 176
31 56 43 44
31 57 84 122
31 58 82 102
32 33 47 58
32 34 58 62
32 35 52 71
32 36 94 131
32 37 125 145
32 38 50 61
32 39 67 83
32 40 70 101
32 41 76 106
32 42 51 59
32 43 9 11
32 44 28 37
32 45 52 74
32 46 75 93
32 47 53 56
32 48 64 92
32 49 60 78
32 50 69 102
32 51 164 223
32 52 20 20
32 53 35 51
32 54 56 68
32 55 90 93
32 56 51 65
32 58 41 45
33 34 11 11
33 35 94 97
33 36 87 94
33 37 135 145
33 38 12 12
33 39 97 102
33 40 107 124
33 41 113 152
33 42 13 18
33 43 54 68
33 44 37 37
33 45 17 18
33 46 108 142
33 47 89 111
33 48 97 122
33 49 20 26
33 50 41 61
33 51 163 207
33 52 61 74
33 53 63 64
33 54 87 118
33 56 65 75
33 57 96 139
33 58 78 115
34 35 105 135
34 36 89 105
34 37 139 175
34 38 15 20
34 39 106 128
34 40 117 157
34 41 123 155
34 42 15 19
34 43 65 91
34 44 46 48
34 45 19 27
34 47 99 141
34 48 106 128
34 49 18 25
34 50 40 55
34 52 71 102
34 54 96 117
34 55 117 123
34 56 72 77
34 57 106 119
34 58 88 126
35 36 97 104
35 37 101 134
35 38 93 137
35 39 32 40
35 40 20 29
35 41 27 31
35 42 102 150
35 43 43 43
35 44 60 76
35 45 103 153
35 46 31 44
35 48 26 28
35 49 111 117
35 50 122 131
35 51 148 191
35 52 57 69
35 53 37 51
35 54 84 107
35 55 62 66
35 56 95 99
35 57 53 76
35 58 19 28
36 37 56 79
36 38 75 84
36 39 71 72
36 40 92 110
36 41 93 122
36 42 100 128
36 43 91 113
36 44 67 91
36 45 104 115
36 46 83 92
36 47 82 116
36 48 77 77
36 49 106 142
36 50 128 155
36 51 76 78
36 52 114 133
36 53 67 88
36 54 151 205
36 55 56 65
36 56 141 146
36 57 137 148
36 58 80 91
37 38 124 183
37 39 69 76
37 40 85 109
37 41 82 85
37 43 118 167
37 44 104 110
37 45 151 160
37 46 73 74
37 48 75 98
37 49 155 206
37 50 175 204
37 51 48 60
37 52 142 176
37 53 90 116
37 54 177 220
37 55 39 43
37 56 176 261
37 58 92 133
38 39 91 98
38 40 104 130
38 41 109 137
38 42 25 34
38 43 56 59
38 45 29 40
38 46 103 133
38 47 86 123
38 48 92 113
38 49 31 38
38 50 52 77
38 51 152 157
38 52 67 71
38 53 59 72
38 54 96 115
38 55 102 126
38 56 76 90
38 57 101 121
38 58 75 82
39 40 21 27
39 41 22 31
39 42 108 127
39 43 57 64
39 44 60 84
39 45 110 118
39 46 13 15
39 47 18 22
39 48 6 8
39 49 116 141
39 50 132 134
39 51 116 145
39 52 79 103
39 53 34 37
39 54 112 147
39 55 30 40
39 56 116 123
39 57 84 104
39 58 26 32
40 41 6 7
40 42 117 121
40 43 60 60
40 44 71 77
40 45 118 148
40 46 12 15
40 47 18 23
40 48 15 15
40 49 125 156
40 50 138 150
40 52 77 111
40 53 45 53
40 54 105 110
40 56 115 170
40 58 29 39
41 42 123 127
41 43 66 73
41 44 76 83
41 45 124 166
41 46 10 14
41 47 24 24
41 48 18 26
41 49 131 189
41 50 145 202
41 51 131 151
41 52 84 115
41 53 50 50
41 54 111 151
41 55 45 66
41 56 122 124
41 57 79 84
41 58 35 38
42 43 60 89
42 44 48 51
42 45 4 4
42 46 119 143
42 47 99 123
42 48 107 146
42 49 8 8
42 50 27 32
42 51 177 205
42 52 62 76
42 53 73 81
42 54 83 87
42 55 122 169
42 56 58 58
42 57 97 136
42 58 87 122
43 44 29 32
43 45 61 68
43 46 65 91
43 47 43 63
43 48 55 57
43 49 69 74
43 50 79 107
43 51 159 160
43 52 24 27
43 53 28 34
43 54 60 77
43 55 82 113
43 56 59 64
43 57 48 69
44 45 50 70
44 47 53 57
44 48 60 65
44 49 56 68
44 50 73 80
44 51 140 159
44 52 49 62
44 53 26 34
44 54 84 103
44 55 75 110
44 56 74 97
44 57 77 109
44 58 43 50
45 46 121 141
45 47 100 109
45 48 109 118
45 49 8 9
45 51 181 182
45 52 61 81
45 53 75 94
45 55 125 168
45 57 96 131
45 58 89 114
46 47 22 27
46 48 11 15
46 49 127 142
46 50 142 149
46 51 121 151
46 52 85 105
46 53 45 48
46 54 115 137
46 55 35 42
46 56 122 181
46 57 84 102
46 58 33 47
47 48 13 15
47 49 107 122
47 50 120 170
47 52 62 79
47 53 27 39
47 54 94 139
47 56 100 149
47 57 65 78
47 58 11 12
48 49 116 133
48 50 130 156
48 51 122 140
48 52 75 83
48 53 34 46
48 54 107 151
48 55 36 36
48 56 113 160
48 57 78 88
48 58 22 25
49 50 22 23
49 51 183 242
49 52 69 74
49 53 82 89
49 54 88 103
49 55 130 189
49 56 61 86
49 57 104 129
50 52 72 78
50 54 81 83
50 55 149 212
50 56 51 69
50 57 104 141
51 52 183 240
51 53 131 137
51 54 219 291
51 55 86 127
51 56 214 306
51 58 137 192
52 53 52 73
52 54 36 51
52 55 106 110
52 56 38 48
52 57 35 39
52 58 53 55
53 54 88 108
53 55 55 68
53 56 86 113
54 55 140 152
54 56 30 40
54 57 37 39
54 58 86 122
55 56 141 184
55 57 114 129
56 57 60 71
56 58 90 126
57 58 60 77
