59
99
80
23
36
40
12
15
20
22
43
33
39
48
5
45
51
35
56
29
46
23
24
34
31
2
21
5
56
47
40
50
18
0 1 146 216
0 2 145 168
0 3 181 194
0 4 77 102
0 5 147 171
0 6 76 85
0 7 100 141
0 8 195 234
0 9 151 216
0 10 49 59
0 11 84 86
0 12 64 87
0 13 114 154
0 15 108 108
0 16 135 169
0 17 32 43
0 18 64 84
0 19 88 116
0 20 18 26
0 22 145 182
0 23 39 49
0 24 188 220
0 25 37 39
0 26 219 257
0 27 44 53
0 28 24 30
0 29 57 62
0 30 144 158
0 31 38 45
0 32 74 105
0 33 57 59
0 34 58 68
0 35 126 132
0 36 144 178
0 37 189 274
0 38 69 78
0 39 140 190
0 40 144 170
0 41 151 180
0 43 84 115
0 44 85 94
0 45 40 56
0 46 149 220
0 47 127 143
0 48 138 189
0 50 19 22
0 52 71 83
0 53 106 145
0 54 72 87
0 55 160 221
0 56 42 52
0 57 101 135
0 58 116 156
1 2 35 46
1 3 40 57
1 4 80 85
1 5 40 48
1 6 148 194
1 7 51 60
1 8 67 67
1 9 30 34
1 10 109 142
1 12 112 123
1 13 33 40
1 14 165 215
1 15 65 87
1 16 52 64
1 18 92 108
1 19 74 95
1 20 161 178
1 21 20 29
1 22 50 62
1 23 113 122
1 27 120 150
1 29 88 107
1 30 71 90
1 31 108 112
1 32 78 97
1 33 95 109
1 34 102 145
1 35 57 73
1 36 46 56
1 37 47 69
1 38 87 98
1 40 47 53
1 41 47 65
1 42 108 120
1 43 71 77
1 44 61 81
1 45 111 151
1 46 37 52
1 47 42 55
1 48 33 41
1 49 116 149
1 50 134 182
1 51 91 109
1 52 95 103
1 53 43 63
1 54 130 130
1 56 129 190
1 57 106 107
1 58 45 61
2 3 69 99
2 4 69 85
2 5 5 5
2 6 129 183
2 7 45 64
2 8 100 141
2 9 66 87
2 10 100 102
2 11 79 101
2 12 97 102
2 14 158 228
2 15 43 46
2 16 19 22
2 17 160 237
2 18 104 129
2 19 60 80
2 20 162 206
2 22 15 17
2 24 66 75
2 25 147 176
2 26 115 124
2 27 110 131
2 28 132 136
2 29 89 122
2 30 36 48
2 31 110 114
2 32 71 96
2 33 104 115
2 34 113 118
2 35 28 29
2 36 81 93
2 37 74 105
2 38 99 147
2 39 10 12
2 40 12 15
2 41 12 15
2 42 114 167
2 43 61 79
2 44 67 79
2 45 116 143
2 46 4 5
2 47 18 20
2 48 7 9
2 49 123 163
2 50 137 194
2 53 41 60
2 54 111 125
2 55 35 42
2 56 119 154
2 57 81 87
2 58 29 41
3 4 120 128
3 5 73 95
3 6 189 234
3 7 91 100
3 8 31 39
3 10 149 221
3 11 140 190
3 12 152 204
3 13 67 71
3 14 203 248
3 15 105 112
3 16 88 120
3 17 185 273
3 20 195 228
3 21 49 54
3 22 84 118
3 24 13 17
3 25 169 212
3 26 46 46
3 27 160 200
3 28 177 233
3 29 125 147
3 32 118 169
3 33 127 165
3 34 131 184
3 35 96 136
3 36 49 60
3 38 117 142
3 39 63 86
3 40 81 84
3 41 78 107
3 42 140 144
3 43 111 153
3 44 97 101
3 45 144 192
3 47 81 89
3 48 70 104
3 49 148 157
3 50 168 223
3 53 83 118
3 54 170 194
3 55 34 46
3 56 169 226
4 5 71 88
4 8 141 182
4 9 96 115
4 10 31 31
4 11 27 28
4 12 32 42
4 13 57 73
4 14 89 109
4 15 31 34
4 16 58 73
4 17 97 132
4 18 57 84
4 20 94 117
4 21 81 101
4 22 68 70
4 23 60 60
4 24 123 177
4 25 88 122
4 26 164 197
4 27 41 46
4 28 63 87
4 30 68 83
4 31 47 50
4 32 6 7
4 33 53 58
4 34 64 64
4 35 49 57
4 36 98 107
4 37 127 160
4 38 56 80
4 39 66 80
4 40 67 71
4 41 74 89
4 42 57 76
4 43 9 11
4 44 33 41
4 45 57 64
4 46 73 80
4 47 51 68
4 48 63 67
4 49 65 73
4 50 73 102
4 51 167 199
4 52 16 20
4 53 37 54
4 55 91 117
4 56 50 57
4 57 45 49
4 58 40 58
5 6 128 156
5 7 48 63
5 8 104 144
5 9 71 98
5 10 102 107
5 11 79 113
5 12 97 126
5 13 57 66
5 14 160 211
5 15 43 61
5 16 17 21
5 17 163 229
5 18 107 144
5 19 61 83
5 20 164 199
5 21 24 24
5 22 10 12
5 23 122 129
5 25 151 221
5 26 119 123
5 27 111 163
5 28 134 168
5 29 92 119
5 30 31 39
5 31 113 147
5 32 73 86
5 33 108 117
5 34 117 168
5 35 27 38
5 36 86 102
5 37 77 108
5 38 103 105
5 39 15 17
5 40 8 9
5 41 7 8
5 42 118 135
5 43 63 84
5 45 119 149
5 47 20 20
5 48 11 15
5 49 126 162
5 51 126 148
5 53 44 58
5 54 111 121
5 55 39 45
5 56 120 141
5 57 80 88
5 58 31 40
6 7 98 104
6 8 212 284
6 9 167 238
6 10 50 70
6 11 50 55
6 12 38 50
6 13 128 146
6 14 61 65
6 15 86 118
6 16 112 133
6 17 109 150
6 18 109 121
6 19 74 91
6 20 92 129
6 21 146 160
6 23 95 116
6 25 110 157
6 26 234 241
6 27 43 56
6 28 53 59
6 29 83 116
6 30 109 131
6 31 81 113
6 32 74 81
6 33 101 139
6 34 110 126
6 35 101 145
6 36 169 202
6 37 195 290
6 38 111 139
6 39 130 170
6 41 128 139
6 43 79 115
6 44 102 128
6 45 93 102
6 46 132 153
6 47 112 112
6 48 125 134
6 49 99 141
6 50 89 110
6 51 238 336
6 52 54 68
6 53 106 149
6 55 158 188
6 56 38 56
6 57 51 74
6 58 104 120
7 8 114 121
7 9 69 98
7 10 59 72
7 11 50 72
7 12 61 86
7 13 32 43
7 14 116 144
7 15 26 31
7 16 40 42
7 17 115 166
7 18 61 84
7 19 24 24
7 20 117 140
7 21 53 78
7 22 49 56
7 23 74 95
7 24 94 135
7 25 103 145
7 26 135 155
7 27 70 99
7 28 90 109
7 29 44 55
7 30 57 58
7 31 65 71
7 32 27 34
7 33 60 79
7 34 70 95
7 35 35 46
7 36 74 99
7 37 98 118
7 38 58 62
7 39 39 44
7 41 53 72
7 42 70 86
7 44 25 37
7 46 49 66
7 47 28 32
7 48 38 54
7 49 78 87
7 50 92 105
7 52 44 51
7 53 8 9
7 54 80 102
7 55 62 84
7 56 78 82
7 57 62 65
7 58 17 17
8 9 45 53
8 10 168 244
8 11 164 214
8 12 174 228
8 13 85 96
8 14 219 282
8 15 132 196
8 17 193 255
8 18 132 161
8 19 138 141
8 21 79 94
8 22 114 148
8 23 157 201
8 24 41 55
8 26 25 33
8 27 179 214
8 28 194 273
8 29 141 151
8 30 135 184
8 31 157 231
8 32 138 174
8 33 138 167
8 34 140 164
8 36 51 75
8 37 31 38
8 38 126 160
8 39 93 93
8 40 111 124
8 41 109 131
8 42 151 177
8 43 133 184
8 45 155 213
8 46 99 104
8 48 99 146
8 49 157 183
8 50 179 210
8 51 26 32
8 52 157 194
8 53 105 137
8 54 194 219
8 55 64 70
8 56 188 260
8 57 173 206
9 10 123 129
9 11 120 135
9 12 129 167
9 13 39 40
9 14 174 259
9 15 90 124
9 16 82 118
9 17 152 159
9 19 94 113
9 21 50 74
9 22 81 92
9 23 114 143
9 24 44 58
9 25 136 168
9 26 69 86
9 27 133 142
9 28 149 154
9 29 96 118
9 30 101 128
9 32 93 127
9 33 95 128
9 35 86 121
9 36 18 22
9 37 41 52
9 38 84 104
9 39 57 62
9 40 78 78
9 41 78 78
9 42 108 122
9 43 88 124
9 44 69 70
9 45 112 162
9 46 68 70
9 48 63 66
9 49 115 153
9 50 136 145
9 51 71 71
9 52 112 140
9 53 61 83
9 54 149 167
9 55 38 53
9 56 142 172
9 57 131 153
9 58 71 78
10 11 35 44
10 12 18 24
10 13 83 104
10 14 58 75
10 16 88 92
10 17 76 99
10 18 59 65
10 19 40 44
10 20 68 71
10 21 112 156
10 22 98 123
10 23 48 55
10 24 152 221
10 25 71 96
10 26 191 195
10 27 11 11
10 28 32 40
10 30 95 120
10 31 33 42
10 32 31 33
10 33 51 53
10 34 60 83
10 35 78 99
10 36 121 164
10 37 156 180
10 40 97 136
10 41 104 151
10 42 48 54
10 44 54 73
10 45 45 53
10 46 104 149
10 48 94 106
10 50 51 60
10 51 194 282
10 52 22 27
10 53 66 76
10 54 36 51
10 55 122 156
10 56 20 20
10 57 52 66
10 58 71 77
11 12 21 21
11 13 82 120
11 14 87 123
11 15 36 53
11 16 63 84
11 17 111 147
11 18 82 107
11 19 25 35
11 23 80 85
11 24 140 187
11 25 105 150
11 26 185 243
11 27 40 40
11 28 64 95
11 29 53 69
11 30 64 93
11 31 65 69
11 32 33 34
11 33 77 89
11 34 87 125
11 35 52 54
11 37 146 212
11 38 82 86
11 39 80 111
11 40 73 76
11 41 80 85
11 42 78 92
11 43 33 35
11 44 61 62
11 45 77 89
11 46 83 119
11 48 75 86
11 49 85 89
11 50 86 98
11 51 190 205
11 52 16 20
11 53 58 73
11 54 32 42
11 55 108 134
11 56 45 54
11 57 19 26
11 58 54 73
12 13 90 105
12 15 54 80
12 16 82 113
12 18 75 80
12 19 38 41
12 20 82 119
12 21 111 113
12 23 66 86
12 24 155 175
12 25 89 109
12 26 196 235
12 27 19 21
12 28 43 48
12 29 47 65
12 30 85 108
12 31 51 76
12 32 36 51
12 33 68 95
12 34 78 98
12 35 72 107
12 36 130 170
12 38 76 89
12 39 96 111
12 40 92 129
12 41 99 120
12 42 66 87
12 43 41 52
12 45 64 93
12 46 100 102
12 47 79 79
12 48 91 131
12 50 69 72
12 51 200 287
12 52 17 22
12 53 69 73
12 54 20 23
12 55 123 182
12 56 24 34
12 57 36 43
12 58 69 78
13 14 136 139
13 16 59 86
13 17 120 173
13 18 59 78
13 19 56 79
13 21 48 60
13 22 64 74
13 23 80 98
13 24 73 100
13 25 106 153
13 27 94 121
13 28 110 134
13 29 57 75
13 30 79 113
13 31 76 87
13 32 53 53
13 33 62 88
13 34 68 81
13 35 59 62
13 36 42 47
13 37 74 94
13 38 53 63
13 40 61 69
13 41 64 67
13 42 75 101
13 43 49 62
13 44 30 39
13 45 78 90
13 46 56 58
13 48 46 58
13 49 83 99
13 50 102 141
13 52 73 87
13 53 25 28
13 54 110 148
13 55 48 64
13 56 103 130
13 57 95 133
13 58 40 59
14 15 117 162
14 16 146 218
14 17 58 82
14 18 91 101
14 21 170 203
14 23 67 80
14 25 66 69
14 26 243 320
14 27 48 64
14 28 26 35
14 29 78 83
14 30 151 162
14 31 62 66
14 32 88 111
14 33 83 101
14 34 86 107
14 35 136 196
14 36 169 227
14 37 210 312
14 38 95 101
14 39 155 213
14 40 155 169
14 41 162 222
14 42 71 76
14 43 97 111
14 44 105 128
14 45 67 81
14 46 162 174
14 47 140 155
14 48 152 191
14 49 69 70
14 50 48 65
14 51 245 275
14 52 78 85
14 53 123 144
14 54 64 81
14 55 178 235
14 56 41 59
14 57 99 134
14 58 129 190
15 16 28 31
15 17 128 177
15 18 82 92
15 19 19 24
15 20 126 186
15 21 60 61
15 22 38 38
15 23 90 114
15 24 105 141
15 25 118 141
15 27 69 77
15 28 92 99
15 29 59 73
15 30 37 49
15 31 77 93
15 32 35 50
15 33 80 94
15 34 90 92
15 35 18 19
15 36 98 111
15 37 111 164
15 38 80 84
15 39 44 49
15 40 38 50
15 41 45 67
15 42 86 100
15 44 49 69
15 46 47 66
15 47 26 34
15 48 39 49
15 49 95 115
15 50 104 122
15 51 157 187
15 52 38 55
15 53 31 44
15 54 68 82
15 55 73 81
15 56 76 81
15 57 41 50
15 58 19 22
16 17 154 181
16 18 102 127
16 20 153 162
16 21 39 57
16 22 10 13
16 23 114 161
16 24 85 101
16 25 142 200
16 26 134 183
16 27 97 120
16 28 120 141
16 29 83 117
16 30 20 23
16 31 103 121
16 32 61 68
16 33 101 116
16 34 111 130
16 35 10 13
16 36 94 126
16 37 93 126
16 38 98 145
16 39 25 30
16 40 10 13
16 41 16 23
16 42 110 134
16 43 51 55
16 44 66 77
16 45 111 160
16 46 21 23
16 47 14 18
16 48 19 27
16 49 118 127
16 50 130 193
16 51 141 152
16 53 40 57
16 54 95 96
16 55 54 71
16 56 105 106
16 57 63 63
16 58 23 34
17 18 62 82
17 19 109 126
17 20 23 28
17 21 165 190
17 22 163 167
17 23 41 43
17 24 193 246
17 25 16 16
17 26 218 285
17 27 74 86
17 28 56 61
17 29 71 99
17 31 51 58
17 32 93 97
17 34 53 53
17 35 146 167
17 36 141 172
17 37 192 218
17 39 154 220
17 40 162 236
17 41 168 178
17 42 46 46
17 43 103 147
17 44 94 111
17 45 43 46
17 46 164 201
17 47 144 182
17 49 38 51
17 51 217 296
17 52 96 100
17 53 119 153
17 54 104 131
17 55 168 240
17 56 74 100
17 57 129 168
17 58 132 155
18 19 67 78
18 21 105 142
18 22 110 129
18 23 25 27
18 24 131 162
18 25 47 49
18 26 157 230
18 27 66 77
18 28 69 79
18 29 29 33
18 30 118 162
18 31 30 38
18 32 51 61
18 33 8 8
18 34 9 9
18 35 96 117
18 36 80 116
18 37 130 172
18 38 5 7
18 39 96 118
18 40 108 119
18 42 20 27
18 43 58 86
18 44 36 41
18 45 24 33
18 46 108 140
18 47 89 94
18 48 96 96
18 49 25 30
18 50 47 63
18 51 157 219
18 52 67 84
18 53 63 79
18 54 95 101
18 55 107 134
18 57 101 146
18 58 79 110
19 20 106 141
19 21 73 106
19 22 58 85
19 23 71 103
19 24 117 164
19 25 99 115
19 26 160 168
19 27 50 74
19 28 73 105
19 29 41 48
19 30 57 72
19 31 58 62
19 32 16 19
19 33 63 63
19 34 74 96
19 35 38 56
19 36 98 137
19 37 121 132
19 38 65 83
19 39 58 66
19 40 57 57
19 41 63 63
19 42 68 92
19 43 9 11
19 44 38 49
19 45 68 70
19 46 64 70
19 47 41 48
19 49 76 81
19 50 84 85
19 52 21 21
19 53 32 33
19 54 55 76
19 55 85 89
19 56 58 86
19 57 39 50
19 58 31 43
20 21 169 174
20 22 163 223
20 23 49 54
20 24 202 271
20 25 35 43
20 26 231 262
20 27 63 92
20 28 41 50
20 29 73 97
20 30 162 172
20 31 52 65
20 32 91 116
20 33 67 79
20 34 66 93
20 35 144 201
20 36 154 181
20 37 202 202
20 38 79 117
20 39 157 203
20 40 162 201
20 41 168 248
20 42 54 70
20 43 101 123
20 44 99 105
20 46 166 214
20 47 144 173
20 48 155 162
20 50 26 27
20 51 231 326
20 52 90 112
20 53 122 167
20 54 89 100
20 55 175 177
20 56 60 83
20 57 119 157
20 58 133 194
21 22 34 44
21 23 124 142
21 24 46 61
21 25 151 165
21 27 123 157
21 28 143 158
21 29 96 131
21 31 117 148
21 32 81 119
21 33 107 145
21 34 115 153
21 37 54 54
21 38 100 143
21 39 16 21
21 40 32 42
21 41 29 35
21 42 119 133
21 43 72 88
21 44 71 86
21 45 121 155
21 46 19 22
21 47 34 39
21 48 21 29
21 49 127 152
21 50 144 203
21 52 95 139
21 53 47 52
21 54 128 186
21 55 15 18
21 56 131 135
21 57 100 132
21 58 42 45
22 23 123 148
22 24 79 96
22 25 151 163
22 26 129 154
22 27 108 157
22 28 131 137
22 29 92 135
22 30 21 22
22 31 112 157
22 32 71 101
22 33 110 127
22 34 119 159
22 35 20 23
22 36 95 102
22 37 88 106
22 38 106 113
22 39 24 33
22 40 3 4
22 41 7 8
22 43 61 88
22 44 73 101
22 45 120 171
22 46 15 15
22 48 18 22
22 49 127 142
22 50 140 173
22 51 136 202
22 52 77 81
22 53 47 53
22 54 105 148
22 55 50 57
22 56 115 122
22 57 72 88
22 58 31 33
23 24 153 203
23 25 28 38
23 26 181 220
23 27 52 72
23 28 48 49
23 29 31 31
23 30 127 135
23 31 15 16
23 32 55 71
23 33 18 20
23 34 18 22
23 35 106 155
23 36 105 151
23 37 153 169
23 38 30 36
23 39 113 116
23 41 127 175
23 43 64 81
23 44 53 67
23 45 3 4
23 46 123 150
23 47 103 111
23 48 112 132
23 49 5 5
23 50 22 26
23 51 182 247
23 52 64 65
23 53 78 108
23 54 83 116
23 55 128 164
23 56 56 72
23 57 99 126
23 58 92 111
24 25 178 187
24 26 50 54
24 27 163 187
24 29 131 164
24 30 100 139
24 31 150 210
24 32 121 180
24 33 135 153
24 34 140 186
24 36 61 88
24 37 10 11
24 38 125 171
24 39 62 86
24 40 77 89
24 41 73 105
24 42 148 220
24 43 114 165
24 44 103 141
24 45 151 208
24 46 64 74
24 47 80 102
24 48 68 94
24 49 156 232
24 50 175 209
24 51 58 66
24 52 138 140
24 53 86 92
24 54 172 205
24 55 32 42
24 56 172 246
24 57 146 205
24 58 86 98
25 26 201 230
25 27 71 79
25 28 58 77
25 29 59 59
25 30 156 233
25 31 41 51
25 32 83 113
25 33 43 51
25 34 37 47
25 35 135 168
25 36 125 186
25 37 177 187
25 39 140 196
25 40 150 180
25 41 156 221
25 42 32 32
25 43 92 106
25 44 80 87
25 45 31 35
25 47 131 171
25 48 140 194
25 49 24 33
25 50 21 28
25 51 201 245
25 52 89 128
25 53 106 158
25 54 102 143
25 55 154 230
25 56 73 94
25 57 123 135
25 58 120 164
26 27 202 215
26 28 218 288
26 30 150 196
26 31 181 208
26 32 161 183
26 33 163 211
26 34 165 178
26 35 142 206
26 37 41 42
26 38 151 197
26 39 110 158
26 40 127 190
26 41 123 171
26 42 176 213
26 43 155 185
26 45 180 268
26 46 114 151
26 47 127 136
26 48 116 123
26 49 182 219
26 50 204 284
26 51 10 14
26 52 179 263
26 53 127 134
26 54 215 271
26 55 80 91
26 56 211 316
26 57 193 239
26 58 132 146
27 28 24 25
27 29 41 56
27 31 38 50
27 33 58 86
27 34 67 87
27 35 87 128
27 36 132 195
27 37 167 241
27 38 68 95
27 40 107 149
27 44 65 84
27 45 50 60
27 46 114 165
27 47 92 92
27 48 104 148
27 49 56 70
27 50 51 75
27 51 205 276
27 52 30 34
27 53 77 100
27 54 31 45
27 55 132 143
27 56 9 12
27 57 56 67
27 58 81 106
28 29 53 68
28 30 127 161
28 31 39 54
28 32 62 66
28 33 61 84
28 34 66 69
28 35 111 132
28 36 144 149
28 37 184 227
28 38 73 78
28 39 129 157
28 41 137 197
28 42 51 65
28 43 71 83
28 44 80 103
28 45 47 53
28 46 136 184
28 47 114 150
28 48 126 136
28 49 51 65
28 50 37 40
28 51 220 295
28 52 53 54
28 53 97 122
28 54 48 62
28 55 152 164
28 56 19 19
28 57 79 83
28 58 103 109
29 30 96 97
29 31 20 23
29 32 24 27
29 33 23 33
29 34 34 38
29 35 75 81
29 37 132 187
29 38 29 41
29 39 84 125
29 40 91 128
29 41 97 114
29 42 27 34
29 43 33 33
29 44 27 27
29 45 28 28
29 46 94 98
29 47 73 77
29 48 82 103
29 49 35 41
29 50 48 56
29 51 167 213
29 52 37 48
29 54 67 98
29 55 102 132
29 56 49 70
29 57 72 88
29 58 61 91
30 31 115 119
30 32 72 72
30 33 116 152
30 34 127 166
30 35 22 27
30 36 114 168
30 37 109 142
30 38 115 123
30 39 44 56
30 40 24 34
30 41 26 34
30 42 124 170
30 43 63 75
30 44 83 86
30 45 124 176
30 46 36 49
30 47 33 33
30 48 38 39
30 49 132 163
30 50 142 191
30 51 158 232
30 52 73 76
30 53 59 73
30 54 94 112
30 55 71 81
30 56 110 118
30 57 58 71
30 58 41 59
31 32 42 45
31 33 22 30
31 34 29 38
31 35 95 102
31 36 107 135
31 38 34 41
31 39 104 136
31 40 111 165
31 41 117 138
31 42 14 19
31 43 52 56
31 44 47 67
31 45 12 16
31 46 114 169
31 47 93 98
31 48 103 113
31 49 20 25
31 50 27 28
31 51 183 223
31 52 49 65
31 53 70 83
31 54 68 93
31 55 122 162
31 56 43 43
31 58 82 108
32 33 47 69
32 34 58 62
32 36 94 108
32 37 125 177
32 38 50 61
32 39 67 87
32 40 70 100
32 41 76 87
32 42 51 62
32 43 9 9
32 44 28 29
32 46 75 112
32 47 53 77
32 48 64 64
32 49 60 84
32 50 69 100
32 51 164 195
32 53 35 52
32 54 56 65
32 55 90 119
32 56 51 56
32 57 51 68
32 58 41 41
33 34 11 14
33 35 94 120
33 36 87 130
33 37 135 149
33 38 12 14
33 39 97 114
33 40 107 128
33 41 113 153
33 42 13 16
33 43 54 73
33 44 37 48
33 45 17 24
33 46 108 156
33 47 89 129
33 49 20 27
33 50 41 43
33 51 163 236
33 52 61 73
33 53 63 91
33 54 87 117
33 55 110 156
33 56 65 70
33 58 78 84
34 35 105 119
34 36 89 130
34 37 139 158
34 38 15 18
34 39 106 108
34 40 117 170
34 41 123 173
34 42 15 18
34 43 65 94
34 44 46 48
34 45 19 21
34 46 117 156
34 47 99 141
34 48 106 121
34 49 18 25
34 50 40 45
34 52 71 99
34 53 72 92
34 54 96 118
34 55 117 149
34 57 106 144
34 58 88 97
35 36 97 113
35 37 101 127
35 38 93 118
35 39 32 45
35 40 20 20
35 41 27 28
35 42 102 134
35 43 43 49
35 44 60 60
35 45 103 131
35 46 31 34
35 47 15 20
35 48 26 29
35 49 111 127
35 50 122 168
35 51 148 149
35 52 57 75
35 53 37 38
35 54 84 101
35 55 62 88
35 57 53 73
35 58 19 21
36 37 56 57
36 38 75 102
36 39 71 92
36 41 93 95
36 42 100 123
36 43 91 112
36 44 67 94
36 45 104 120
36 46 83 88
36 47 82 107
36 49 106 126
36 50 128 134
36 51 76 81
36 52 114 130
36 53 67 76
36 54 151 212
36 56 141 201
36 57 137 165
36 58 80 106
37 38 124 125
37 40 85 111
37 42 148 206
37 43 118 171
37 44 104 113
37 45 151 206
37 46 73 90
37 47 86 87
37 48 75 86
37 50 175 222
37 51 48 64
37 52 142 195
37 53 90 122
37 54 177 190
37 55 39 45
37 56 176 200
37 57 152 220
37 58 92 98
38 39 91 95
38 40 104 135
38 41 109 148
38 42 25 35
38 43 56 80
38 44 32 41
38 45 29 41
38 46 103 150
38 47 86 117
38 48 92 112
38 49 31 45
38 50 52 70
38 51 152 166
38 52 67 82
38 53 59 79
38 54 96 98
38 55 102 105
38 56 76 92
38 57 101 129
38 58 75 77
39 40 21 26
39 41 22 29
39 42 108 155
39 43 57 72
39 44 60 80
39 45 110 151
39 46 13 13
39 47 18 26
39 48 6 7
39 49 116 167
39 50 132 169
39 51 116 116
39 52 79 107
39 53 34 40
39 54 112 118
39 55 30 43
39 56 116 129
39 57 84 124
39 58 26 26
40 41 6 7
40 42 117 127
40 43 60 74
40 44 71 93
40 45 118 125
40 46 12 14
40 47 18 23
40 48 15 22
40 49 125 176
40 50 138 198
40 51 134 168
40 52 77 99
40 53 45 61
40 54 105 135
40 55 47 55
40 57 73 81
40 58 29 35
41 42 123 123
41 43 66 86
41 44 76 101
41 45 124 154
41 46 10 11
41 48 18 18
41 50 145 183
41 52 84 102
41 53 50 54
41 55 45 51
41 56 122 122
41 57 79 108
41 58 35 39
42 43 60 83
42 44 48 67
42 47 99 116
42 48 107 119
42 49 8 11
42 50 27 32
42 51 177 202
42 52 62 71
42 53 73 98
42 54 83 120
42 56 58 80
42 58 87 99
43 44 29 29
43 45 61 90
43 46 65 79
43 47 43 46
43 48 55 58
43 49 69 81
43 50 79 112
43 51 159 177
43 52 24 25
43 53 28 41
43 54 60 76
43 55 82 117
43 56 59 82
43 57 48 52
43 58 32 39
44 45 50 62
44 46 71 76
44 47 53 73
44 48 60 86
44 49 56 61
44 50 73 108
44 52 49 53
44 53 26 36
44 54 84 95
44 56 74 96
44 57 77 82
44 58 43 49
45 46 121 122
45 47 100 132
45 49 8 10
45 50 24 29
45 51 181 221
45 52 61 82
45 53 75 80
45 54 81 85
45 55 125 126
45 56 55 57
45 57 96 104
45 58 89 91
46 47 22 31
46 48 11 14
46 50 142 181
46 51 121 133
46 52 85 104
46 53 45 62
46 54 115 162
46 55 35 40
46 56 122 131
46 57 84 103
46 58 33 35
47 48 13 19
47 49 107 111
47 50 120 157
47 51 133 135
47 52 62 62
47 53 27 33
47 54 94 97
47 55 48 69
47 56 100 137
47 57 65 67
47 58 11 15
48 49 116 127
48 50 130 176
48 51 122 123
48 52 75 111
48 53 34 39
48 54 107 139
48 55 36 49
48 56 113 147
48 57 78 82
48 58 22 24
49 50 22 28
49 51 183 202
49 52 69 95
49 53 82 84
49 55 130 141
49 56 61 70
49 57 104 121
49 58 96 140
50 51 204 298
50 52 72 95
50 53 97 126
50 54 81 94
50 55 149 150
50 56 51 57
50 57 104 110
50 58 109 158
51 52 183 265
51 53 131 143
51 54 219 244
51 55 86 99
51 56 214 263
51 57 198 231
51 58 137 179
52 53 52 66
52 54 36 47
52 55 106 128
52 56 38 56
52 57 35 41
52 58 53 66
53 54 88 99
53 55 55 70
53 56 86 104
53 57 70 84
53 58 18 26
54 55 140 164
54 56 30 30
54 57 37 45
54 58 86 119
55 56 141 144
55 57 114 155
55 58 54 80
56 57 60 83
56 58 90 127
57 58 60 70
