59
145
80
23
50
55
9
53
41
34
17
35
46
10
8
26
32
21
3
45
22
18
29
14
2
11
54
5
47
52
27
26
44
0 1 146 191
0 3 181 226
0 4 77 101
0 5 147 174
0 6 76 78
0 7 100 130
0 8 195 285
0 11 84 112
0 13 114 141
0 14 29 37
0 15 108 113
0 16 135 176
0 17 32 42
0 19 88 128
0 21 153 206
0 22 145 203
0 23 39 42
0 24 188 207
0 26 219 311
0 31 38 50
0 32 74 79
0 33 57 77
0 34 58 75
0 35 126 147
0 37 189 280
0 39 140 188
0 40 144 214
0 45 40 46
0 46 149 168
0 47 127 176
0 48 138 152
0 49 40 53
0 52 71 92
0 53 106 148
0 54 72 88
0 56 42 61
0 57 101 150
1 2 35 46
1 3 40 57
1 7 51 72
1 9 30 44
1 10 109 161
1 11 99 141
1 13 33 41
1 14 165 240
1 15 65 70
1 16 52 63
1 19 74 107
1 20 161 171
1 21 20 20
1 22 50 70
1 26 86 105
1 27 120 132
1 30 71 71
1 31 108 158
1 33 95 128
1 36 46 51
1 38 87 118
1 39 27 28
1 40 47 69
1 41 47 50
1 45 111 147
1 46 37 43
1 48 33 45
1 54 130 164
1 55 14 18
1 57 106 145
2 3 69 91
2 4 69 93
2 5 5 5
2 7 45 52
2 8 100 127
2 9 66 96
2 12 97 140
2 13 52 70
2 14 158 158
2 15 43 62
2 19 60 83
2 20 162 165
2 22 15 20
2 23 119 124
2 24 66 82
2 27 110 159
2 29 89 110
2 32 71 85
2 33 104 136
2 36 81 105
2 38 99 119
2 39 10 13
2 42 114 155
2 43 61 84
2 44 67 71
2 48 7 10
2 49 123 177
2 51 122 180
2 53 41 41
2 54 111 141
2 55 35 50
2 58 29 31
3 4 120 135
3 5 73 76
3 6 189 192
3 8 31 34
3 9 33 35
3 14 203 303
3 15 105 145
3 16 88 101
3 17 185 200
3 18 122 148
3 20 195 241
3 21 49 56
3 22 84 117
3 23 146 166
3 25 169 187
3 26 46 58
3 28 177 187
3 30 105 123
3 31 143 187
3 32 118 159
3 34 131 162
3 36 49 72
3 38 117 151
3 39 63 63
3 40 81 118
3 42 140 171
3 46 69 78
3 48 70 93
3 49 148 220
3 51 52 59
3 53 83 97
3 54 170 173
3 55 34 47
3 56 169 188
3 57 147 202
4 5 71 103
4 7 29 40
4 9 96 126
4 10 31 33
4 11 27 29
4 12 32 33
4 13 57 62
4 18 57 61
4 22 68 92
4 23 60 74
4 26 164 184
4 28 63 80
4 30 68 85
4 31 47 63
4 32 6 8
4 33 53 61
4 34 64 82
4 35 49 69
4 36 98 120
4 37 127 129
4 38 56 82
4 39 66 73
4 42 57 75
4 43 9 11
4 44 33 36
4 45 57 78
4 47 51 61
4 49 65 83
4 53 37 47
4 54 52 55
4 57 45 61
4 58 40 50
5 6 128 172
5 7 48 67
5 8 104 138
5 11 79 112
5 12 97 124
5 14 160 225
5 15 43 61
5 17 163 186
5 21 24 29
5 23 122 178
5 24 69 85
5 27 111 156
5 28 134 153
5 29 92 98
5 31 113 161
5 32 73 98
5 33 108 148
5 34 117 148
5 35 27 35
5 36 86 103
5 38 103 148
5 39 15 17
5 41 7 8
5 42 118 123
5 43 63 92
5 46 4 4
5 47 20 24
5 48 11 15
5 51 126 126
5 52 82 93
5 55 39 42
5 57 80 84
5 58 31 41
6 7 98 108
6 8 212 278
6 9 167 248
6 12 38 51
6 13 128 161
6 14 61 70
6 17 109 112
6 18 109 120
6 20 92 110
6 21 146 158
6 22 121 128
6 23 95 127
6 24 190 248
6 27 43 50
6 28 53 79
6 29 83 109
6 31 81 95
6 32 74 102
6 36 169 183
6 37 195 252
6 38 111 116
6 39 130 142
6 40 122 156
6 41 128 178
6 43 79 117
6 44 102 122
6 47 112 132
6 48 125 144
6 52 54 57
6 54 18 22
6 55 158 196
6 56 38 51
6 57 51 76
6 58 104 154
7 8 114 134
7 10 59 75
7 11 50 57
7 13 32 35
7 14 116 155
7 16 40 57
7 18 61 63
7 19 24 35
7 21 53 78
7 25 103 151
7 26 135 170
7 27 70 92
7 29 44 48
7 31 65 67
7 34 70 93
7 35 35 49
7 36 74 91
7 37 98 137
7 38 58 77
7 39 39 48
7 49 78 93
7 50 92 107
7 51 139 172
7 52 44 65
7 54 80 112
7 55 62 73
7 57 62 92
7 58 17 19
8 9 45 61
8 10 168 226
8 11 164 197
8 12 174 176
8 13 85 121
8 14 219 325
8 15 132 147
8 17 193 260
8 18 132 151
8 20 206 211
8 21 79 85
8 24 41 50
8 26 25 32
8 29 141 178
8 30 135 147
8 31 157 209
8 32 138 201
8 35 124 152
8 38 126 143
8 39 93 117
8 44 114 122
8 47 109 151
8 48 99 136
8 49 157 183
8 52 157 213
8 54 194 200
8 56 188 226
9 10 123 156
9 11 120 132
9 12 129 172
9 14 174 224
9 16 82 118
9 17 152 161
9 18 90 99
9 19 94 130
9 20 163 173
9 22 81 81
9 23 114 157
9 24 44 48
9 26 69 87
9 27 133 145
9 31 113 146
9 33 95 140
9 34 99 119
9 35 86 110
9 38 84 92
9 39 57 76
9 41 78 94
9 42 108 134
9 48 63 88
9 49 115 118
9 50 136 177
9 51 71 76
9 52 112 133
9 54 149 205
9 57 131 138
9 58 71 71
10 11 35 51
10 12 18 18
10 13 83 101
10 15 60 72
10 18 59 59
10 20 68 82
10 21 112 117
10 22 98 106
10 23 48 48
10 24 152 169
10 25 71 88
10 26 191 269
10 28 32 35
10 29 32 38
10 30 95 123
10 31 33 49
10 32 31 33
10 34 60 69
10 40 97 111
10 42 48 70
10 43 39 54
10 44 54 72
10 46 104 105
10 48 94 97
10 50 51 61
10 51 194 241
10 52 22 25
10 53 66 82
10 54 36 39
10 56 20 22
10 57 52 53
10 58 71 86
11 12 21 21
11 14 87 115
11 16 63 85
11 17 111 117
11 20 102 122
11 21 96 128
11 24 140 175
11 25 105 154
11 26 185 261
11 33 77 79
11 35 52 60
11 37 146 157
11 40 73 97
11 41 80 111
11 42 78 78
11 44 61 79
11 47 62 71
11 49 85 104
11 50 86 93
11 53 58 69
11 54 32 34
11 55 108 138
12 13 90 134
12 14 65 97
12 19 38 49
12 21 111 118
12 23 66 77
12 25 89 90
12 26 196 267
12 27 19 20
12 30 85 110
12 31 51 52
12 33 68 80
12 35 72 92
12 38 76 91
12 41 99 136
12 43 41 59
12 44 64 72
12 48 91 112
12 49 71 96
12 51 200 224
12 52 17 22
12 53 69 79
12 54 20 28
12 55 123 140
12 56 24 30
12 57 36 53
12 58 69 80
13 14 136 145
13 15 57 62
13 16 59 60
13 17 120 168
13 18 59 84
13 22 64 73
13 24 73 75
13 28 110 127
13 30 79 89
13 31 76 95
13 32 53 71
13 34 68 79
13 35 59 65
13 36 42 49
13 37 74 98
13 38 53 64
13 39 42 58
13 41 64 95
13 42 75 80
13 43 49 65
13 44 30 36
13 45 78 101
13 46 56 83
13 49 83 93
13 51 111 144
13 53 25 36
13 54 110 117
13 55 48 54
13 56 103 137
13 57 95 129
13 58 40 43
14 15 117 130
14 16 146 169
14 17 58 72
14 19 98 122
14 20 35 43
14 21 170 236
14 22 156 204
14 25 66 89
14 26 243 278
14 28 26 33
14 31 62 92
14 35 136 142
14 36 169 238
14 37 210 275
14 43 97 120
14 44 105 156
14 45 67 100
14 49 69 94
14 53 123 149
14 54 64 66
14 55 178 245
14 56 41 44
14 58 129 190
15 16 28 29
15 17 128 146
15 18 82 95
15 19 19 22
15 21 60 78
15 22 38 49
15 23 90 110
15 24 105 123
15 26 151 164
15 28 92 124
15 29 59 71
15 31 77 115
15 37 111 163
15 39 44 44
15 41 45 45
15 43 26 26
15 44 49 64
15 47 26 33
15 50 104 152
15 51 157 213
15 52 38 41
15 53 31 35
15 55 73 87
15 57 41 54
15 58 19 27
16 17 154 215
16 18 102 127
16 19 47 48
16 21 39 53
16 23 114 164
16 24 85 107
16 25 142 159
16 29 83 85
16 31 103 142
16 33 101 145
16 34 111 148
16 36 94 104
16 37 93 98
16 39 25 35
16 45 111 140
16 46 21 30
16 47 14 19
16 50 130 185
16 51 141 168
16 52 67 99
16 53 40 48
16 55 54 78
16 56 105 122
16 57 63 73
17 18 62 84
17 19 109 117
17 21 165 170
17 22 163 211
17 23 41 50
17 28 56 62
17 30 166 190
17 32 93 105
17 33 58 58
17 34 53 61
17 35 146 171
17 36 141 173
17 37 192 283
17 40 162 213
17 41 168 222
17 42 46 46
17 43 103 139
17 44 94 101
17 45 43 51
17 46 164 215
17 47 144 158
17 48 153 194
17 49 38 41
17 50 24 31
17 51 217 231
17 53 119 123
17 55 168 201
17 57 129 183
18 19 67 95
18 20 73 86
18 21 105 137
18 22 110 141
18 23 25 37
18 26 157 211
18 28 69 85
18 29 29 36
18 30 118 132
18 31 30 42
18 33 8 10
18 34 9 13
18 36 80 113
18 38 5 7
18 39 96 132
18 40 108 111
18 41 113 161
18 42 20 28
18 43 58 73
18 44 36 36
18 46 108 148
18 47 89 105
18 50 47 47
18 52 67 73
18 53 63 93
18 54 95 101
18 58 79 117
19 20 106 126
19 23 71 92
19 24 117 130
19 27 50 64
19 28 73 86
19 29 41 59
19 31 58 65
19 33 63 75
19 35 38 52
19 36 98 128
19 37 121 130
19 38 65 81
19 39 58 78
19 41 63 75
19 43 9 9
19 46 64 84
19 47 41 41
19 48 54 80
19 50 84 124
19 51 164 202
19 52 21 27
19 54 55 62
19 55 85 99
19 58 31 41
20 21 169 184
20 23 49 56
20 24 202 230
20 25 35 48
20 27 63 79
20 28 41 41
20 31 52 66
20 32 91 115
20 33 67 78
20 35 144 205
20 36 154 170
20 39 157 206
20 40 162 168
20 41 168 245
20 43 101 137
20 44 99 111
20 47 144 199
20 49 48 53
20 50 26 32
20 51 231 283
20 52 90 120
20 53 122 169
20 57 119 131
21 22 34 34
21 25 151 163
21 26 95 114
21 27 123 139
21 28 143 210
21 36 66 81
21 38 100 138
21 41 29 35
21 42 119 177
21 43 72 97
21 47 34 34
21 48 21 25
21 49 127 186
21 50 144 202
21 51 102 117
21 52 95 119
21 53 47 49
21 56 131 135
21 57 100 112
21 58 42 55
22 23 123 131
22 25 151 221
22 29 92 114
22 30 21 30
22 31 112 159
22 32 71 103
22 33 110 164
22 34 119 176
22 35 20 27
22 36 95 112
22 37 88 102
22 38 106 136
22 40 3 3
22 41 7 10
22 43 61 72
22 45 120 125
22 46 15 18
22 51 136 146
22 52 77 81
22 55 50 57
22 56 115 161
23 24 153 165
23 28 48 59
23 31 15 15
23 35 106 156
23 36 105 140
23 37 153 216
23 38 30 32
23 39 113 127
23 40 121 153
23 41 127 151
23 44 53 77
23 46 123 129
23 48 112 126
23 53 78 88
23 56 56 69
23 58 92 115
24 25 178 217
24 28 182 213
24 31 150 168
24 32 121 151
24 33 135 152
24 35 93 114
24 36 61 76
24 37 10 14
24 38 125 151
24 41 73 76
24 42 148 155
24 44 103 131
24 46 64 71
24 47 80 88
24 49 156 215
24 50 175 209
24 51 58 67
24 52 138 171
24 56 172 231
24 57 146 162
25 26 201 287
25 29 59 87
25 30 156 207
25 31 41 44
25 32 83 118
25 35 135 180
25 38 52 76
25 39 140 187
25 40 150 219
25 42 32 36
25 45 31 31
25 48 140 161
25 49 24 32
25 51 201 292
25 52 89 119
25 53 106 146
25 54 102 144
25 55 154 210
25 56 73 85
25 58 120 123
26 27 202 213
26 30 150 207
26 32 161 222
26 33 163 231
26 34 165 234
26 36 76 79
26 37 41 42
26 38 151 176
26 39 110 110
26 41 123 147
26 42 176 245
26 46 114 136
26 47 127 184
26 48 116 145
26 49 182 200
26 50 204 275
26 51 10 12
26 52 179 186
26 56 211 241
26 57 193 229
26 58 132 173
27 28 24 24
27 29 41 47
27 31 38 52
27 35 87 108
27 37 167 193
27 38 68 94
27 39 108 116
27 41 114 155
27 42 53 79
27 44 65 85
27 47 92 135
27 49 56 61
27 51 205 230
27 52 30 30
27 53 77 88
27 55 132 150
27 56 9 10
27 57 56 76
27 58 81 93
28 29 53 78
28 31 39 49
28 34 66 93
28 35 111 159
28 37 184 275
28 43 71 93
28 44 80 91
28 45 47 52
28 47 114 137
28 48 126 129
28 49 51 70
28 52 53 71
28 53 97 111
28 55 152 202
28 56 19 20
28 57 79 99
28 58 103 123
29 30 96 124
29 33 23 27
29 35 75 92
29 36 92 102
29 38 29 32
29 41 97 97
29 42 27 27
29 43 33 43
29 44 27 28
29 45 28 30
29 46 94 95
29 48 82 83
29 51 167 197
29 52 37 53
29 53 49 55
29 55 102 117
29 57 72 94
30 31 115 167
30 32 72 98
30 36 114 152
30 37 109 109
30 38 115 137
30 41 26 28
30 42 124 135
30 44 83 100
30 45 124 173
30 47 33 39
30 51 158 160
30 53 59 68
30 54 94 115
30 55 71 76
30 56 110 112
30 57 58 68
31 32 42 60
31 35 95 141
31 36 107 113
31 37 151 175
31 38 34 44
31 40 111 128
31 41 117 150
31 44 47 55
31 45 12 13
31 46 114 150
31 47 93 132
31 49 20 26
31 50 27 33
31 51 183 220
31 53 70 80
31 58 82 102
32 33 47 61
32 34 58 79
32 35 52 73
32 37 125 163
32 39 67 80
32 40 70 90
32 41 76 100
32 43 9 11
32 45 52 58
32 46 75 83
32 47 53 58
32 48 64 91
32 49 60 84
32 50 69 73
32 53 35 42
32 54 56 71
32 55 90 129
33 34 11 12
33 35 94 136
33 36 87 110
33 37 135 144
33 38 12 16
33 39 97 108
33 42 13 13
33 45 17 23
33 46 108 151
33 48 97 116
33 49 20 28
33 50 41 41
33 51 163 230
33 53 63 83
33 55 110 149
33 57 96 103
34 35 105 129
34 36 89 126
34 38 15 19
34 39 106 116
34 43 65 85
34 44 46 66
34 45 19 27
34 46 117 139
34 47 99 109
34 48 106 131
34 49 18 21
34 52 71 80
34 54 96 126
34 55 117 160
34 56 72 87
34 57 106 153
34 58 88 88
35 36 97 111
35 37 101 126
35 41 27 39
35 44 60 68
35 45 103 118
35 46 31 40
35 47 15 15
35 48 26 31
35 49 111 162
35 50 122 176
35 51 148 213
35 52 57 71
35 53 37 53
35 54 84 97
36 37 56 72
36 38 75 97
36 39 71 85
36 40 92 116
36 41 93 137
36 43 91 122
36 44 67 75
36 45 104 110
36 46 83 110
36 48 77 96
36 51 76 104
36 52 114 145
36 55 56 79
36 58 80 102
37 38 124 157
37 40 85 87
37 41 82 88
37 43 118 149
37 44 104 152
37 47 86 90
37 48 75 102
37 50 175 215
37 51 48 63
37 54 177 231
37 56 176 226
37 57 152 210
37 58 92 129
38 39 91 104
38 40 104 130
38 41 109 134
38 42 25 34
38 43 56 82
38 44 32 39
38 45 29 34
38 46 103 111
38 47 86 98
38 48 92 131
38 50 52 64
38 52 67 73
38 53 59 71
38 54 96 109
38 55 102 146
38 57 101 141
38 58 75 78
39 40 21 25
39 41 22 27
39 43 57 61
39 44 60 84
39 45 110 160
39 47 18 20
39 49 116 173
39 50 132 175
39 52 79 94
39 55 30 31
39 56 116 166
39 57 84 113
39 58 26 31
40 41 6 8
40 42 117 121
40 44 71 88
40 46 12 12
40 47 18 21
40 48 15 21
40 49 125 165
40 50 138 177
40 51 134 156
40 52 77 90
40 55 47 52
40 56 115 119
40 57 73 88
41 42 123 143
41 43 66 93
41 49 131 174
41 50 145 162
41 52 84 115
41 58 35 51
42 43 60 68
42 44 48 68
42 45 4 5
42 47 99 141
42 51 177 243
42 52 62 68
42 53 73 74
42 54 83 90
42 55 122 156
42 57 97 134
42 58 87 98
43 44 29 40
43 46 65 65
43 49 69 88
43 51 159 233
43 52 24 34
43 55 82 107
43 56 59 70
43 57 48 70
43 58 32 45
44 45 50 70
44 46 71 98
44 47 53 74
44 48 60 71
44 49 56 74
44 51 140 155
44 52 49 50
44 53 26 32
44 54 84 110
44 55 75 99
44 56 74 77
44 58 43 55
45 46 121 145
45 47 100 148
45 48 109 145
45 49 8 9
45 53 75 86
45 55 125 145
46 47 22 27
46 48 11 14
46 49 127 178
46 50 142 177
46 53 45 53
46 55 35 42
46 57 84 107
47 48 13 13
47 50 120 174
47 51 133 191
47 53 27 28
47 55 48 67
47 57 65 83
47 58 11 16
48 49 116 166
48 51 122 136
48 52 75 91
48 57 78 91
48 58 22 31
49 50 22 28
49 52 69 70
49 54 88 94
49 56 61 76
49 57 104 147
49 58 96 139
50 51 204 229
50 53 97 105
50 54 81 85
50 55 149 167
50 56 51 53
51 52 183 191
51 53 131 163
51 54 219 305
51 57 198 283
51 58 137 154
52 53 52 69
52 56 38 47
52 57 35 45
52 58 53 60
53 54 88 117
53 55 55 78
54 55 140 154
54 56 30 43
54 57 37 43
54 58 86 91
55 56 141 185
55 57 114 166
55 58 54 69
56 57 60 62
56 58 90 91
57 58 60 66
