59
99
80
5
28
5
26
37
45
5
7
18
2
39
32
0 1 146 190
0 5 147 179
0 6 76 85
0 7 100 104
0 8 195 268
0 10 49 60
0 11 84 121
0 12 64 81
0 15 108 110
0 16 135 188
0 18 64 76
0 19 88 95
0 21 153 164
0 23 39 39
0 24 188 215
0 26 219 271
0 27 44 61
0 28 24 27
0 30 144 200
0 31 38 52
0 33 57 68
0 35 126 155
0 36 144 193
0 37 189 265
0 39 140 162
0 40 144 200
0 41 151 186
0 42 44 60
0 49 40 41
0 50 19 25
0 51 220 266
0 53 106 147
0 54 72 107
0 55 160 233
0 57 101 105
0 58 116 151
1 2 35 41
1 4 80 80
1 5 40 55
1 8 67 92
1 9 30 33
1 11 99 103
1 12 112 150
1 14 165 212
1 15 65 72
1 16 52 54
1 18 92 119
1 19 74 85
1 20 161 204
1 21 20 23
1 23 113 123
1 26 86 121
1 27 120 137
1 28 139 163
1 30 71 91
1 31 108 116
1 34 102 122
1 36 46 68
1 38 87 106
1 40 47 57
1 43 71 96
1 44 61 71
1 46 37 54
1 51 91 116
1 54 130 167
1 58 45 62
2 3 69 95
2 4 69 80
2 5 5 6
2 6 129 163
2 8 100 113
2 10 100 122
2 11 79 114
2 14 158 181
2 15 43 62
2 16 19 22
2 17 160 166
2 18 104 145
2 19 60 77
2 23 119 162
2 25 147 202
2 26 115 152
2 27 110 116
2 31 110 131
2 32 71 79
2 33 104 126
2 37 74 92
2 38 99 140
2 39 10 11
2 40 12 13
2 41 12 12
2 42 114 152
2 44 67 91
2 45 116 150
2 48 7 10
2 49 123 159
2 50 137 166
2 51 122 131
2 56 119 178
2 57 81 104
2 58 29 35
3 4 120 164
3 5 73 74
3 6 189 203
3 8 31 31
3 12 152 178
3 14 203 240
3 15 105 115
3 16 88 108
3 17 185 234
3 18 122 129
3 20 195 249
3 22 84 84
3 23 146 148
3 25 169 251
3 26 46 49
3 28 177 187
3 30 105 118
3 31 143 166
3 32 118 145
3 33 127 164
3 34 131 191
3 35 96 121
3 36 49 68
3 37 7 9
3 40 81 99
3 41 78 84
3 43 111 160
3 47 81 93
3 49 148 166
3 50 168 183
3 54 170 204
3 57 147 189
4 5 71 91
4 9 96 136
4 12 32 38
4 14 89 106
4 15 31 35
4 16 58 69
4 17 97 110
4 18 57 71
4 20 94 133
4 21 81 81
4 23 60 76
4 24 123 173
4 25 88 97
4 27 41 47
4 28 63 66
4 29 30 37
4 31 47 48
4 33 53 55
4 34 64 68
4 36 98 136
4 39 66 94
4 40 67 76
4 44 33 35
4 45 57 81
4 47 51 57
4 48 63 94
4 50 73 95
4 51 167 168
4 52 16 18
4 53 37 50
4 55 91 132
4 57 45 56
4 58 40 51
5 6 128 173
5 10 102 106
5 11 79 81
5 12 97 124
5 13 57 62
5 14 160 232
5 15 43 44
5 17 163 177
5 20 164 191
5 21 24 28
5 22 10 10
5 23 122 127
5 25 151 180
5 28 134 188
5 29 92 133
5 30 31 40
5 32 73 109
5 34 117 165
5 35 27 30
5 36 86 94
5 37 77 113
5 39 15 21
5 40 8 8
5 41 7 8
5 43 63 66
5 44 71 96
5 45 119 149
5 46 4 5
5 47 20 22
5 48 11 16
5 49 126 164
5 50 140 188
5 51 126 179
5 53 44 60
5 54 111 163
5 55 39 45
5 56 120 138
5 58 31 37
6 7 98 100
6 9 167 246
6 10 50 63
6 12 38 52
6 13 128 163
6 14 61 76
6 17 109 124
6 19 74 83
6 20 92 103
6 25 110 159
6 26 234 284
6 29 83 84
6 30 109 143
6 31 81 98
6 32 74 99
6 34 110 123
6 36 169 185
6 38 111 165
6 39 130 132
6 40 122 161
6 41 128 173
6 42 96 108
6 43 79 93
6 44 102 104
6 45 93 100
6 47 112 165
6 48 125 131
6 49 99 120
6 50 89 108
6 52 54 67
6 54 18 18
6 55 158 218
6 56 38 46
6 57 51 67
6 58 104 116
7 8 114 165
7 10 59 81
7 12 61 89
7 13 32 38
7 15 26 38
7 16 40 45
7 18 61 67
7 19 24 27
7 20 117 139
7 22 49 73
7 23 74 79
7 24 94 124
7 25 103 104
7 26 135 141
7 27 70 89
7 28 90 108
7 29 44 55
7 30 57 83
7 31 65 66
7 33 60 60
7 34 70 91
7 36 74 89
7 37 98 123
7 38 58 64
7 39 39 57
7 40 47 56
7 45 71 75
7 48 38 54
7 49 78 100
7 50 92 132
7 51 139 152
7 52 44 44
7 55 62 69
7 57 62 70
7 58 17 23
8 9 45 53
8 10 168 219
8 11 164 203
8 12 174 195
8 15 132 132
8 17 193 211
8 18 132 187
8 19 138 180
8 21 79 101
8 22 114 148
8 23 157 157
8 24 41 60
8 26 25 27
8 29 141 157
8 30 135 193
8 31 157 221
8 32 138 201
8 34 140 151
8 35 124 157
8 36 51 59
8 37 31 32
8 42 151 205
8 43 133 165
8 46 99 113
8 48 99 109
8 54 194 212
8 58 112 154
9 10 123 179
9 12 129 155
9 13 39 44
9 14 174 260
9 16 82 103
9 17 152 208
9 18 90 132
9 25 136 183
9 26 69 92
9 27 133 188
9 28 149 186
9 29 96 99
9 30 101 110
9 31 113 147
9 33 95 97
9 34 99 108
9 36 18 22
9 37 41 48
9 38 84 108
9 40 78 80
9 41 78 93
9 42 108 148
9 43 88 123
9 44 69 102
9 46 68 76
9 47 70 85
9 48 63 85
9 49 115 123
9 50 136 176
9 51 71 103
9 53 61 71
9 54 149 189
9 56 142 196
9 58 71 91
10 11 35 39
10 13 83 117
10 14 58 80
10 16 88 103
10 17 76 81
10 18 59 64
10 19 40 46
10 20 68 93
10 22 98 107
10 23 48 67
10 25 71 74
10 26 191 260
10 30 95 134
10 31 33 43
10 32 31 33
10 33 51 55
10 34 60 61
10 36 121 136
10 37 156 223
10 38 60 63
10 40 97 98
10 44 54 78
10 47 82 122
10 48 94 111
10 49 53 61
10 51 194 275
10 52 22 30
10 56 20 23
10 58 71 100
11 12 21 28
11 13 82 92
11 14 87 113
11 15 36 47
11 20 102 119
11 22 73 99
11 23 80 82
11 25 105 134
11 26 185 272
11 29 53 56
11 30 64 76
11 31 65 80
11 34 87 100
11 35 52 77
11 36 124 168
11 39 80 112
11 40 73 81
11 41 80 104
11 43 33 48
11 44 61 67
11 45 77 104
11 46 83 89
11 47 62 85
11 50 86 93
11 54 32 35
11 56 45 56
12 13 90 95
12 14 65 75
12 15 54 62
12 17 93 98
12 18 75 109
12 19 38 44
12 21 111 150
12 22 92 135
12 23 66 75
12 24 155 187
12 26 196 292
12 33 68 85
12 36 130 136
12 39 96 119
12 41 99 124
12 42 66 79
12 43 41 58
12 44 64 77
12 45 64 82
12 46 100 139
12 47 79 100
12 49 71 90
12 53 69 89
12 54 20 22
12 56 24 35
12 58 69 83
13 14 136 155
13 17 120 123
13 20 128 135
13 25 106 154
13 26 108 116
13 27 94 112
13 28 110 118
13 37 74 94
13 39 42 46
13 40 61 62
13 41 64 79
13 42 75 109
13 44 30 36
13 46 56 60
13 50 102 114
13 51 111 131
13 54 110 159
13 55 48 71
13 56 103 127
13 57 95 113
14 15 117 164
14 16 146 200
14 18 91 115
14 20 35 46
14 21 170 212
14 23 67 88
14 25 66 80
14 26 243 358
14 27 48 51
14 28 26 38
14 29 78 104
14 33 83 97
14 35 136 143
14 36 169 228
14 40 155 176
14 42 71 98
14 44 105 126
14 45 67 84
14 46 162 191
14 47 140 192
14 48 152 195
14 52 78 107
14 53 123 136
14 55 178 245
14 57 99 110
15 16 28 34
15 17 128 150
15 18 82 105
15 19 19 23
15 20 126 155
15 25 118 144
15 26 151 169
15 27 69 91
15 28 92 120
15 29 59 75
15 30 37 48
15 32 35 46
15 36 98 113
15 40 38 49
15 41 45 49
15 42 86 102
15 43 26 38
15 48 39 45
15 51 157 177
15 52 38 39
15 54 68 96
15 55 73 87
15 57 41 59
15 58 19 22
16 17 154 194
16 19 47 68
16 22 10 14
16 24 85 125
16 26 134 157
16 27 97 122
16 28 120 179
16 30 20 20
16 31 103 142
16 32 61 86
16 33 101 106
16 36 94 136
16 37 93 121
16 40 10 13
16 41 16 23
16 42 110 164
16 44 66 94
16 46 21 21
16 48 19 25
16 49 118 172
16 50 130 174
16 51 141 156
16 57 63 85
16 58 23 27
17 18 62 63
17 20 23 31
17 21 165 246
17 22 163 202
17 24 193 249
17 25 16 21
17 27 74 86
17 28 56 57
17 29 71 84
17 31 51 65
17 32 93 133
17 33 58 65
17 34 53 64
17 35 146 171
17 36 141 146
17 38 67 68
17 39 154 208
17 41 168 172
17 42 46 68
17 44 94 100
17 45 43 51
17 48 153 167
17 50 24 28
17 51 217 264
17 52 96 109
17 54 104 107
17 55 168 201
17 57 129 140
17 58 132 193
18 19 67 78
18 22 110 157
18 25 47 47
18 27 66 77
18 28 69 76
18 29 29 33
18 30 118 124
18 31 30 38
18 35 96 135
18 36 80 88
18 38 5 5
18 41 113 139
18 42 20 22
18 47 89 97
18 48 96 105
18 50 47 66
18 51 157 186
18 52 67 96
18 53 63 77
18 54 95 131
18 55 107 149
18 56 73 96
18 57 101 142
18 58 79 89
19 20 106 111
19 21 73 85
19 23 71 94
19 24 117 145
19 25 99 130
19 26 160 232
19 27 50 74
19 28 73 80
19 30 57 77
19 31 58 67
19 32 16 17
19 33 63 83
19 34 74 86
19 35 38 45
19 36 98 133
19 37 121 168
19 38 65 81
19 40 57 59
19 41 63 90
19 42 68 99
19 43 9 11
19 44 38 40
19 46 64 85
19 50 84 107
19 51 164 180
19 54 55 72
19 55 85 89
19 57 39 57
19 58 31 31
20 21 169 191
20 22 163 164
20 28 41 53
20 29 73 100
20 30 162 186
20 31 52 73
20 33 67 74
20 34 66 98
20 35 144 178
20 36 154 200
20 39 157 192
20 42 54 56
20 43 101 128
20 44 99 99
20 49 48 66
20 50 26 34
20 52 90 124
20 53 122 123
20 54 89 115
20 55 175 206
20 58 133 174
21 22 34 47
21 23 124 167
21 26 95 121
21 27 123 131
21 28 143 156
21 29 96 129
21 30 55 58
21 32 81 92
21 33 107 116
21 34 115 159
21 35 47 64
21 36 66 88
21 38 100 145
21 39 16 18
21 40 32 32
21 42 119 150
21 44 71 101
21 45 121 150
21 46 19 20
21 47 34 42
21 48 21 21
21 50 144 194
21 51 102 105
21 52 95 103
21 53 47 67
21 55 15 19
21 57 100 105
21 58 42 52
22 23 123 168
22 24 79 117
22 25 151 151
22 26 129 187
22 32 71 72
22 33 110 112
22 36 95 118
22 38 106 152
22 40 3 4
22 41 7 9
22 44 73 96
22 47 20 21
22 49 127 177
22 50 140 201
22 51 136 175
22 52 77 84
22 53 47 61
22 55 50 55
22 58 31 37
23 24 153 223
23 27 52 56
23 28 48 53
23 30 127 140
23 31 15 21
23 36 105 130
23 38 30 38
23 39 113 146
23 42 5 6
23 43 64 78
23 46 123 146
23 48 112 159
23 49 5 5
23 50 22 27
23 52 64 83
23 53 78 101
23 54 83 107
23 55 128 175
23 56 56 61
24 25 178 262
24 26 50 60
24 27 163 228
24 30 100 147
24 31 150 163
24 32 121 169
24 33 135 175
24 35 93 105
24 36 61 66
24 37 10 12
24 38 125 152
24 41 73 85
24 43 114 142
24 44 103 153
24 45 151 226
24 46 64 80
24 50 175 220
24 51 58 75
24 57 146 175
24 58 86 97
25 26 201 246
25 27 71 101
25 28 58 81
25 29 59 67
25 30 156 192
25 31 41 43
25 33 43 54
25 35 135 187
25 36 125 157
25 38 52 73
25 39 140 205
25 43 92 127
25 44 80 107
25 45 31 39
25 46 151 190
25 51 201 202
25 52 89 105
25 53 106 149
25 56 73 92
25 58 120 160
26 27 202 285
26 30 150 150
26 31 181 261
26 33 163 229
26 34 165 197
26 36 76 100
26 40 127 144
26 41 123 156
26 44 138 183
26 45 180 213
26 47 127 137
26 48 116 139
26 49 182 200
26 50 204 262
26 52 179 209
26 55 80 83
26 56 211 291
26 57 193 229
26 58 132 174
27 28 24 24
27 29 41 58
27 31 38 49
27 33 58 66
27 34 67 91
27 36 132 132
27 37 167 239
27 39 108 158
27 41 114 155
27 42 53 66
27 43 50 59
27 44 65 68
27 47 92 95
27 48 104 150
27 50 51 57
27 51 205 207
27 52 30 36
27 53 77 78
27 55 132 195
27 56 9 13
27 57 56 60
27 58 81 104
28 29 53 57
28 31 39 58
28 32 62 71
28 33 61 80
28 35 111 114
28 37 184 206
28 42 51 68
28 44 80 100
28 45 47 50
28 46 136 137
28 47 114 120
28 49 51 56
28 50 37 47
28 51 220 231
28 52 53 67
28 54 48 69
28 55 152 177
28 56 19 27
28 58 103 118
29 30 96 108
29 32 24 30
29 34 34 38
29 35 75 83
29 37 132 179
29 38 29 33
29 41 97 98
29 44 27 33
29 45 28 35
29 49 35 35
29 51 167 169
29 53 49 68
29 55 102 123
29 56 49 66
29 57 72 83
29 58 61 85
30 31 115 123
30 34 127 180
30 35 22 29
30 36 114 127
30 37 109 132
30 39 44 48
30 41 26 38
30 42 124 160
30 46 36 46
30 47 33 47
30 48 38 48
30 49 132 133
30 50 142 171
30 53 59 65
30 54 94 98
30 55 71 74
30 56 110 142
30 58 41 43
31 32 42 48
31 33 22 25
31 35 95 124
31 36 107 150
31 38 34 49
31 39 104 105
31 40 111 126
31 41 117 155
31 42 14 16
31 43 52 69
31 45 12 13
31 46 114 164
31 48 103 112
31 49 20 24
31 52 49 56
31 53 70 88
31 55 122 181
31 57 84 106
31 58 82 97
32 33 47 53
32 34 58 69
32 36 94 120
32 38 50 56
32 42 51 76
32 43 9 11
32 44 28 40
32 47 53 62
32 49 60 61
32 50 69 72
32 51 164 166
32 53 35 41
32 54 56 74
32 57 51 51
32 58 41 48
33 34 11 12
33 35 94 105
33 37 135 189
33 38 12 16
33 39 97 118
33 40 107 107
33 42 13 17
33 43 54 75
33 45 17 19
33 47 89 126
33 52 61 64
33 54 87 112
33 56 65 88
33 58 78 99
34 35 105 126
34 36 89 121
34 37 139 164
34 38 15 20
34 40 117 168
34 42 15 21
34 44 46 46
34 45 19 19
34 49 18 18
34 50 40 43
34 52 71 95
34 54 96 128
34 55 117 159
34 56 72 73
34 58 88 97
35 36 97 126
35 38 93 119
35 41 27 32
35 42 102 114
35 43 43 47
35 45 103 146
35 46 31 42
35 47 15 20
35 48 26 31
35 50 122 180
35 52 57 69
35 53 37 54
35 55 62 62
36 37 56 79
36 39 71 96
36 41 93 118
36 42 100 103
36 44 67 97
36 46 83 122
36 47 82 83
36 49 106 156
36 50 128 173
36 51 76 100
36 53 67 96
36 54 151 205
36 57 137 197
37 38 124 166
37 39 69 98
37 40 85 104
37 42 148 195
37 43 118 142
37 44 104 130
37 45 151 193
37 46 73 89
37 47 86 99
37 49 155 210
37 54 177 242
38 39 91 134
38 41 109 160
38 43 56 72
38 44 32 46
38 46 103 133
38 50 52 61
38 51 152 172
38 52 67 70
38 53 59 78
38 54 96 123
39 40 21 23
39 42 108 156
39 44 60 77
39 46 13 18
39 48 6 7
39 49 116 154
39 50 132 146
39 58 26 30
40 41 6 7
40 43 60 73
40 45 118 126
40 46 12 17
40 49 125 159
40 50 138 166
40 51 134 161
40 52 77 90
40 53 45 52
40 56 115 165
40 57 73 79
40 58 29 35
41 42 123 180
41 43 66 87
41 45 124 180
41 47 24 26
41 50 145 210
41 53 50 51
41 54 111 165
41 55 45 59
41 56 122 134
41 58 35 42
42 43 60 65
42 44 48 70
42 45 4 5
42 47 99 134
42 50 27 37
42 51 177 246
42 52 62 91
42 53 73 77
42 57 97 138
42 58 87 112
43 44 29 32
43 45 61 76
43 46 65 85
43 47 43 63
43 48 55 78
43 50 79 109
43 51 159 214
43 52 24 35
43 53 28 28
43 54 60 81
43 55 82 109
43 56 59 68
43 57 48 50
44 45 50 72
44 47 53 74
44 48 60 83
44 49 56 57
44 51 140 195
44 52 49 51
44 54 84 86
44 55 75 110
44 56 74 97
44 58 43 52
45 46 121 121
45 47 100 125
45 49 8 10
45 50 24 31
45 51 181 185
45 53 75 104
45 56 55 70
45 58 89 105
46 47 22 25
46 48 11 15
46 49 127 127
46 51 121 141
46 52 85 109
46 53 45 51
46 55 35 40
46 57 84 93
47 48 13 15
47 49 107 124
47 50 120 178
47 53 27 31
47 54 94 134
47 56 100 138
47 57 65 71
47 58 11 11
48 49 116 147
48 52 75 83
48 55 36 52
48 57 78 101
49 50 22 31
49 51 183 221
49 54 88 104
49 55 130 193
49 56 61 80
49 57 104 154
49 58 96 102
50 51 204 292
50 52 72 100
50 58 109 139
51 52 183 240
51 54 219 257
51 55 86 119
51 56 214 237
51 58 137 156
52 53 52 76
52 54 36 40
52 55 106 128
52 57 35 52
52 58 53 70
53 54 88 126
53 55 55 81
53 56 86 102
53 57 70 73
53 58 18 22
54 55 140 202
54 56 30 37
54 57 37 38
55 56 141 195
55 57 114 150
55 58 54 78
56 57 60 79
57 58 60 65
