59
99
80
23
8
53
37
21
32
16
46
28
51
50
18
42
45
39
24
17
48
33
10
29
27
7
41
5
52
14
54
44
13
0 1 146 167
0 8 195 257
0 9 151 205
0 10 49 57
0 12 64 89
0 13 114 133
0 17 32 43
0 29 57 69
0 32 74 100
0 41 151 214
0 42 44 52
0 43 84 120
0 44 85 111
0 47 127 140
0 48 138 178
0 56 42 54
0 58 116 140
1 2 35 51
1 3 40 59
1 7 51 70
1 9 30 33
1 12 112 145
1 16 52 64
1 19 74 85
1 20 161 188
1 21 20 28
1 22 50 58
1 25 139 180
1 28 139 176
1 29 88 120
1 32 78 99
1 33 95 100
1 34 102 145
1 38 87 109
1 45 111 164
1 46 37 44
1 49 116 138
1 51 91 92
2 3 69 86
2 4 69 87
2 5 5 5
2 7 45 54
2 11 79 88
2 17 160 210
2 19 60 84
2 22 15 22
2 24 66 81
2 26 115 162
2 27 110 135
2 38 99 144
2 41 12 14
2 42 114 117
2 50 137 157
2 52 81 120
2 54 111 120
2 56 119 124
3 4 120 121
3 9 33 45
3 11 140 159
3 17 185 193
3 21 49 60
3 23 146 198
3 30 105 139
3 32 118 145
3 35 96 143
3 36 49 57
3 38 117 136
3 43 111 126
3 44 97 100
3 45 144 169
3 48 70 82
3 50 168 199
3 52 135 146
3 55 34 49
4 5 71 88
4 14 89 100
4 20 94 107
4 21 81 96
4 25 88 130
4 27 41 51
4 30 68 75
4 37 127 187
4 40 67 70
4 42 57 82
4 48 63 85
4 49 65 66
4 50 73 78
4 55 91 131
4 56 50 60
4 57 45 67
4 58 40 54
5 6 128 145
5 8 104 119
5 11 79 104
5 19 61 88
5 21 24 34
5 22 10 12
5 23 122 172
5 25 151 167
5 27 111 142
5 30 31 34
5 31 113 117
5 32 73 95
5 36 86 101
5 40 8 8
5 42 118 143
5 45 119 148
5 46 4 5
5 47 20 29
5 48 11 11
5 49 126 143
5 54 111 115
5 56 120 173
6 7 98 98
6 10 50 58
6 11 50 70
6 16 112 132
6 17 109 150
6 18 109 139
6 20 92 133
6 25 110 142
6 28 53 65
6 30 109 121
6 31 81 87
6 35 101 113
6 36 169 253
6 37 195 272
6 39 130 193
6 41 128 182
6 43 79 87
6 45 93 97
6 46 132 189
6 49 99 116
6 50 89 123
6 51 238 332
6 55 158 189
7 8 114 145
7 9 69 98
7 13 32 40
7 16 40 57
7 18 61 86
7 20 117 160
7 24 94 103
7 26 135 141
7 28 90 125
7 30 57 57
7 31 65 78
7 32 27 40
7 34 70 89
7 36 74 110
7 39 39 46
7 42 70 104
7 44 25 30
7 45 71 91
7 46 49 53
7 48 38 40
7 53 8 9
7 54 80 114
7 55 62 72
8 9 45 61
8 15 132 169
8 19 138 172
8 22 114 124
8 23 157 226
8 27 179 256
8 32 138 186
8 33 138 183
8 35 124 182
8 42 151 210
8 44 114 141
8 45 155 205
8 47 109 126
8 49 157 202
8 53 105 107
8 55 64 67
8 58 112 138
9 10 123 144
9 11 120 135
9 12 129 181
9 17 152 227
9 22 81 112
9 24 44 44
9 32 93 132
9 34 99 121
9 43 88 94
9 44 69 90
9 45 112 138
9 46 68 93
9 49 115 125
9 51 71 80
9 52 112 155
10 11 35 45
10 12 18 21
10 15 60 63
10 16 88 103
10 17 76 97
10 21 112 163
10 27 11 12
10 28 32 35
10 29 32 33
10 36 121 162
10 43 39 39
10 50 51 58
11 12 21 21
11 18 82 113
11 20 102 128
11 21 96 128
11 22 73 92
11 33 77 111
11 35 52 68
11 36 124 151
11 37 146 193
11 38 82 88
11 41 80 107
11 46 83 110
11 48 75 81
11 51 190 223
11 52 16 21
11 54 32 39
12 13 90 111
12 15 54 63
12 16 82 99
12 19 38 53
12 20 82 113
12 25 89 122
12 27 19 25
12 30 85 122
12 32 36 49
12 33 68 96
12 37 159 215
12 39 96 111
12 43 41 47
12 47 79 84
12 49 71 90
12 56 24 33
12 58 69 98
13 14 136 167
13 15 57 68
13 18 59 65
13 22 64 81
13 24 73 97
13 25 106 107
13 34 68 84
13 39 42 55
13 42 75 108
13 48 46 54
13 50 102 106
13 54 110 118
13 57 95 141
14 15 117 160
14 27 48 65
14 30 151 198
14 31 62 78
14 35 136 172
14 36 169 231
14 37 210 222
14 38 95 103
14 39 155 172
14 42 71 79
14 45 67 80
14 48 152 189
14 52 78 109
14 53 123 147
14 54 64 67
15 16 28 34
15 23 90 100
15 24 105 109
15 27 69 102
15 33 80 98
15 35 18 24
15 45 87 129
15 49 95 142
15 51 157 229
15 58 19 20
16 17 154 171
16 19 47 54
16 22 10 14
16 27 97 98
16 28 120 178
16 31 103 139
16 32 61 84
16 34 111 111
16 35 10 13
16 37 93 112
16 39 25 25
16 40 10 11
16 41 16 20
16 42 110 115
16 45 111 149
16 53 40 50
16 54 95 113
16 55 54 66
16 56 105 107
17 18 62 84
17 20 23 26
17 23 41 60
17 24 193 209
17 29 71 100
17 33 58 84
17 35 146 152
17 36 141 152
17 38 67 80
17 41 168 211
17 47 144 168
17 50 24 24
17 51 217 312
17 54 104 130
17 56 74 99
18 19 67 92
18 20 73 77
18 21 105 141
18 28 69 89
18 35 96 133
18 42 20 27
18 44 36 46
18 46 108 156
18 52 67 76
19 20 106 137
19 24 117 124
19 25 99 114
19 28 73 102
19 30 57 78
19 31 58 62
19 32 16 17
19 36 98 108
19 37 121 160
19 38 65 86
19 39 58 71
19 41 63 89
19 44 38 53
19 47 41 44
19 48 54 57
19 49 76 103
19 50 84 122
19 51 164 165
19 53 32 43
19 54 55 75
20 21 169 173
20 26 231 329
20 27 63 84
20 28 41 55
20 33 67 79
20 38 79 90
20 40 162 171
20 47 144 150
20 50 26 28
21 22 34 45
21 23 124 140
21 27 123 141
21 30 55 80
21 32 81 90
21 34 115 148
21 39 16 20
21 40 32 40
21 42 119 176
21 43 72 86
21 44 71 89
21 51 102 143
21 54 128 160
21 55 15 21
21 56 131 179
22 23 123 179
22 33 110 134
22 36 95 102
22 38 106 111
22 39 24 34
22 40 3 4
22 41 7 8
22 42 119 123
22 45 120 149
22 53 47 64
22 54 105 116
23 24 153 204
23 25 28 41
23 27 52 60
23 29 31 35
23 38 30 37
23 39 113 138
23 46 123 145
23 47 103 140
23 50 22 27
23 52 64 95
23 55 128 166
23 56 56 72
24 25 178 260
24 29 131 174
24 31 150 167
24 34 140 203
24 36 61 75
24 39 62 78
24 45 151 201
24 46 64 72
24 49 156 174
24 52 138 144
24 53 86 127
24 55 32 33
25 26 201 214
25 28 58 79
25 32 83 104
25 33 43 43
25 39 140 204
25 44 80 88
25 46 151 201
25 48 140 159
25 50 21 24
25 52 89 123
25 55 154 186
25 58 120 170
26 27 202 225
26 30 150 152
26 31 181 193
26 32 161 205
26 35 142 212
26 36 76 105
26 37 41 52
26 42 176 186
26 50 204 208
26 52 179 227
26 53 127 153
26 58 132 180
27 28 24 25
27 29 41 54
27 30 103 134
27 34 67 91
27 35 87 102
27 37 167 211
27 42 53 58
27 43 50 55
27 44 65 84
27 47 92 103
27 48 104 140
27 49 56 64
27 51 205 207
27 53 77 109
27 54 31 45
27 57 56 73
28 29 53 79
28 36 144 199
28 37 184 239
28 38 73 109
28 41 137 158
28 46 136 195
28 48 126 153
28 52 53 64
29 30 96 112
29 33 23 26
29 36 92 101
29 37 132 167
29 39 84 101
29 42 27 33
29 44 27 36
29 48 82 119
29 51 167 221
29 58 61 78
30 31 115 159
30 33 116 165
30 34 127 174
30 36 114 165
30 38 115 143
30 39 44 62
30 40 24 30
30 46 36 36
30 47 33 38
30 50 142 194
30 54 94 112
30 56 110 159
31 32 42 48
31 33 22 25
31 37 151 164
31 38 34 45
31 43 52 54
31 44 47 69
31 46 114 120
31 54 68 81
31 55 122 156
32 33 47 52
32 41 76 87
32 43 9 13
32 47 53 79
32 55 90 122
33 34 11 13
33 38 12 15
33 42 13 15
33 43 54 56
33 44 37 37
33 45 17 20
33 47 89 102
33 55 110 131
33 57 96 130
34 35 105 117
34 37 139 158
34 41 123 181
34 46 117 139
34 47 99 145
34 52 71 102
35 36 97 103
35 38 93 125
35 46 31 34
35 47 15 22
35 50 122 130
35 51 148 195
35 56 95 141
36 37 56 61
36 38 75 80
36 43 91 135
36 58 80 107
37 38 124 149
37 39 69 86
37 44 104 126
37 46 73 82
37 48 75 92
37 53 90 121
37 54 177 205
38 39 91 113
38 41 109 113
38 47 86 97
38 48 92 99
38 55 102 130
38 56 76 104
38 57 101 119
38 58 75 77
39 40 21 26
39 41 22 28
39 42 108 159
39 54 112 156
39 55 30 33
39 56 116 172
40 41 6 6
40 45 118 174
40 46 12 13
40 51 134 199
40 52 77 87
40 54 105 119
41 42 123 167
41 46 10 10
41 55 45 48
42 43 60 84
42 45 4 5
42 48 107 122
42 57 97 112
42 58 87 94
43 44 29 33
43 46 65 77
43 47 43 56
43 49 69 84
43 53 28 28
43 58 32 36
44 45 50 62
44 46 71 85
44 58 43 58
45 46 121 168
45 47 100 147
45 48 109 162
45 58 89 104
46 47 22 30
46 48 11 13
46 49 127 136
46 55 35 51
46 56 122 132
46 57 84 85
46 58 33 39
47 48 13 17
47 49 107 126
47 51 133 182
47 52 62 82
47 57 65 76
47 58 11 16
48 49 116 128
48 58 22 31
49 50 22 29
49 54 88 111
49 56 61 61
49 58 96 138
50 51 204 236
50 54 81 119
50 55 149 163
51 52 183 194
51 53 131 160
51 54 219 282
51 56 214 266
51 58 137 189
52 53 52 58
52 57 35 49
53 54 88 109
54 55 140 157
54 58 86 108
55 56 141 157
56 57 60 68
57 58 60 79
