59
144
49
23
10
25
38
14
16
46
54
11
53
57
21
4
13
26
5
33
23
0
30
47
31
18
36
5
13
48
38
5
28
0 1 146 155
0 2 145 162
0 3 181 199
0 8 195 198
0 9 151 166
0 10 49 61
0 11 84 86
0 12 64 78
0 14 29 29
0 16 135 187
0 18 64 79
0 19 88 101
0 22 145 162
0 24 188 228
0 25 37 42
0 26 219 243
0 27 44 48
0 31 38 44
0 32 74 95
0 33 57 65
0 34 58 77
0 35 126 134
0 36 144 154
0 37 189 252
0 38 69 71
0 40 144 162
0 44 85 126
0 46 149 184
0 51 220 319
0 54 72 78
0 55 160 236
0 56 42 58
0 57 101 119
0 58 116 167
1 2 35 46
1 3 40 43
1 4 80 112
1 5 40 42
1 6 148 198
1 8 67 89
1 9 30 44
1 10 109 137
1 11 99 137
1 13 33 47
1 14 165 189
1 16 52 54
1 17 154 162
1 19 74 90
1 20 161 237
1 21 20 22
1 22 50 55
1 25 139 153
1 26 86 106
1 27 120 140
1 33 95 112
1 35 57 58
1 37 47 70
1 39 27 37
1 41 47 60
1 42 108 111
1 44 61 70
1 45 111 128
1 47 42 62
1 48 33 34
1 50 134 195
1 53 43 50
1 54 130 170
1 57 106 126
1 58 45 48
2 3 69 92
2 4 69 93
2 5 5 7
2 6 129 143
2 7 45 54
2 9 66 81
2 10 100 139
2 13 52 56
2 15 43 51
2 16 19 22
2 22 15 22
2 23 119 134
2 24 66 73
2 27 110 137
2 31 110 159
2 33 104 153
2 34 113 119
2 36 81 89
2 37 74 79
2 38 99 106
2 39 10 10
2 42 114 120
2 46 4 5
2 47 18 19
2 49 123 163
2 50 137 197
2 51 122 179
2 53 41 58
2 54 111 125
2 55 35 46
2 56 119 138
2 58 29 36
3 4 120 168
3 5 73 81
3 6 189 272
3 12 152 196
3 13 67 67
3 16 88 111
3 18 122 144
3 21 49 61
3 22 84 88
3 26 46 49
3 27 160 197
3 28 177 264
3 30 105 152
3 31 143 144
3 32 118 164
3 33 127 173
3 34 131 166
3 36 49 69
3 37 7 9
3 40 81 98
3 41 78 81
3 42 140 159
3 43 111 117
3 47 81 118
3 48 70 102
3 49 148 152
3 51 52 74
3 54 170 220
3 55 34 37
3 56 169 210
3 58 86 86
4 5 71 84
4 8 141 157
4 9 96 121
4 10 31 39
4 15 31 31
4 16 58 78
4 17 97 132
4 18 57 61
4 21 81 83
4 22 68 100
4 23 60 70
4 26 164 173
4 29 30 41
4 30 68 75
4 31 47 65
4 32 6 8
4 34 64 84
4 35 49 65
4 36 98 145
4 37 127 136
4 39 66 68
4 40 67 71
4 42 57 61
4 44 33 36
4 45 57 61
4 46 73 78
4 47 51 53
4 49 65 95
4 50 73 108
4 51 167 228
4 53 37 51
4 56 50 52
4 57 45 64
5 6 128 186
5 7 48 52
5 9 71 79
5 10 102 141
5 11 79 83
5 14 160 204
5 19 61 65
5 20 164 204
5 21 24 34
5 22 10 11
5 23 122 154
5 24 69 69
5 25 151 200
5 29 92 97
5 30 31 38
5 31 113 155
5 32 73 85
5 33 108 128
5 34 117 168
5 36 86 96
5 37 77 85
5 38 103 144
5 43 63 92
5 45 119 177
5 46 4 4
5 48 11 16
5 50 140 197
5 52 82 107
5 54 111 125
5 58 31 38
6 7 98 131
6 8 212 268
6 9 167 224
6 10 50 74
6 12 38 52
6 13 128 167
6 15 86 90
6 17 109 143
6 18 109 145
6 19 74 80
6 20 92 121
6 21 146 160
6 22 121 164
6 23 95 96
6 25 110 160
6 27 43 61
6 28 53 53
6 29 83 98
6 30 109 153
6 31 81 90
6 34 110 152
6 35 101 134
6 36 169 192
6 38 111 134
6 39 130 165
6 40 122 166
6 41 128 128
6 42 96 103
6 44 102 105
6 46 132 140
6 48 125 145
6 50 89 98
6 53 106 147
6 55 158 182
6 57 51 58
6 58 104 104
7 8 114 123
7 10 59 77
7 12 61 67
7 13 32 40
7 15 26 26
7 16 40 53
7 19 24 28
7 22 49 58
7 23 74 80
7 27 70 93
7 28 90 132
7 31 65 96
7 32 27 36
7 33 60 79
7 34 70 75
7 36 74 97
7 37 98 145
7 40 47 70
7 41 53 71
7 42 70 73
7 43 20 25
7 44 25 34
7 45 71 88
7 46 49 65
7 47 28 34
7 48 38 51
7 50 92 113
7 53 8 8
7 57 62 89
8 9 45 58
8 12 174 183
8 15 132 133
8 17 193 245
8 19 138 146
8 20 206 257
8 21 79 89
8 26 25 31
8 30 135 195
8 32 138 148
8 34 140 149
8 38 126 131
8 40 111 166
8 41 109 131
8 42 151 206
8 43 133 198
8 44 114 123
8 46 99 115
8 47 109 124
8 48 99 116
8 49 157 213
8 52 157 205
8 55 64 91
8 56 188 216
8 57 173 185
9 10 123 175
9 11 120 171
9 12 129 156
9 13 39 51
9 14 174 229
9 16 82 112
9 20 163 204
9 23 114 143
9 24 44 52
9 25 136 184
9 28 149 183
9 29 96 141
9 30 101 149
9 34 99 133
9 35 86 101
9 36 18 24
9 38 84 101
9 40 78 78
9 41 78 96
9 42 108 132
9 44 69 84
9 45 112 128
9 47 70 88
9 48 63 83
9 51 71 73
9 52 112 144
9 55 38 51
9 56 142 172
10 11 35 37
10 13 83 85
10 14 58 80
10 15 60 79
10 16 88 97
10 17 76 87
10 19 40 54
10 21 112 138
10 23 48 57
10 24 152 159
10 25 71 79
10 26 191 235
10 29 32 40
10 30 95 115
10 36 121 168
10 38 60 68
10 39 97 126
10 40 97 122
10 43 39 55
10 44 54 61
10 45 45 65
10 46 104 120
10 47 82 84
10 50 51 55
10 51 194 205
10 52 22 28
10 54 36 42
10 55 122 178
10 57 52 66
11 12 21 22
11 14 87 125
11 15 36 41
11 16 63 91
11 19 25 27
11 22 73 92
11 23 80 92
11 25 105 153
11 28 64 92
11 32 33 35
11 33 77 115
11 34 87 92
11 35 52 68
11 36 124 128
11 37 146 211
11 38 82 95
11 39 80 100
11 40 73 89
11 43 33 41
11 46 83 85
11 47 62 89
11 48 75 84
11 49 85 108
11 50 86 104
11 52 16 20
11 53 58 59
11 54 32 36
11 56 45 67
11 57 19 20
11 58 54 66
12 13 90 116
12 14 65 84
12 15 54 59
12 16 82 117
12 17 93 137
12 18 75 97
12 19 38 45
12 23 66 93
12 24 155 227
12 25 89 105
12 28 43 43
12 32 36 46
12 34 78 94
12 37 159 170
12 39 96 112
12 40 92 106
12 41 99 118
12 42 66 74
12 43 41 57
12 44 64 68
12 46 100 129
12 47 79 79
12 49 71 87
12 50 69 90
12 54 20 25
12 55 123 175
12 56 24 26
12 57 36 38
12 58 69 87
13 14 136 176
13 15 57 84
13 16 59 80
13 18 59 69
13 20 128 181
13 22 64 68
13 23 80 97
13 24 73 76
13 25 106 155
13 26 108 139
13 27 94 121
13 28 110 145
13 29 57 71
13 30 79 108
13 31 76 78
13 32 53 64
13 33 62 62
13 34 68 100
13 37 74 85
13 39 42 46
13 40 61 67
13 41 64 74
13 43 49 72
13 44 30 38
13 45 78 86
13 46 56 56
13 47 45 53
13 48 46 49
13 50 102 122
13 51 111 134
13 52 73 105
13 54 110 125
13 55 48 59
13 57 95 122
13 58 40 41
14 15 117 162
14 16 146 188
14 20 35 41
14 23 67 67
14 26 243 289
14 27 48 60
14 28 26 28
14 34 86 89
14 36 169 175
14 39 155 166
14 40 155 200
14 42 71 87
14 43 97 108
14 44 105 119
14 50 48 52
14 51 245 274
14 53 123 169
14 54 64 77
14 56 41 42
14 57 99 136
14 58 129 192
15 16 28 40
15 17 128 175
15 19 19 20
15 20 126 187
15 22 38 50
15 23 90 102
15 26 151 194
15 27 69 93
15 28 92 129
15 29 59 76
15 32 35 40
15 36 98 143
15 38 80 84
15 41 45 66
15 42 86 97
15 43 26 32
15 44 49 71
15 45 87 94
15 48 39 50
15 49 95 140
15 50 104 119
15 52 38 56
15 53 31 35
15 54 68 74
15 55 73 87
15 56 76 110
15 57 41 45
15 58 19 26
16 17 154 179
16 18 102 121
16 19 47 66
16 20 153 186
16 21 39 41
16 23 114 145
16 24 85 105
16 25 142 172
16 26 134 142
16 27 97 97
16 28 120 155
16 29 83 87
16 32 61 80
16 37 93 101
16 38 98 98
16 41 16 17
16 43 51 59
16 45 111 123
16 46 21 24
16 49 118 173
16 51 141 156
16 52 67 70
16 53 40 40
16 56 105 122
16 57 63 90
16 58 23 24
17 18 62 69
17 19 109 121
17 21 165 170
17 23 41 55
17 24 193 218
17 25 16 19
17 26 218 326
17 27 74 107
17 29 71 78
17 30 166 212
17 31 51 64
17 32 93 127
17 33 58 59
17 34 53 57
17 35 146 190
17 36 141 167
17 37 192 228
17 40 162 169
17 41 168 226
17 42 46 54
17 45 43 64
17 46 164 233
17 47 144 179
17 50 24 25
17 51 217 222
17 52 96 131
17 53 119 161
17 54 104 109
17 55 168 175
17 56 74 89
17 57 129 185
17 58 132 146
18 19 67 71
18 20 73 73
18 21 105 138
18 23 25 31
18 24 131 148
18 25 47 57
18 26 157 224
18 27 66 78
18 28 69 77
18 29 29 37
18 30 118 134
18 33 8 11
18 34 9 9
18 36 80 106
18 37 130 160
18 39 96 117
18 40 108 124
18 41 113 144
18 42 20 23
18 47 89 128
18 48 96 113
18 49 25 35
18 50 47 63
18 51 157 169
18 56 73 74
19 20 106 137
19 22 58 75
19 25 99 119
19 26 160 193
19 30 57 67
19 31 58 84
19 32 16 22
19 33 63 91
19 34 74 96
19 38 65 76
19 39 58 78
19 40 57 68
19 41 63 83
19 43 9 13
19 48 54 59
19 50 84 108
19 51 164 181
19 53 32 38
19 55 85 88
19 58 31 36
20 21 169 181
20 23 49 71
20 25 35 45
20 26 231 246
20 27 63 86
20 28 41 46
20 29 73 101
20 30 162 223
20 32 91 116
20 34 66 87
20 36 154 215
20 37 202 261
20 38 79 85
20 39 157 173
20 40 162 181
20 43 101 105
20 45 50 50
20 47 144 170
20 48 155 155
20 49 48 65
20 51 231 249
20 52 90 100
20 53 122 129
20 57 119 153
20 58 133 133
21 22 34 49
21 26 95 104
21 27 123 181
21 29 96 114
21 30 55 57
21 33 107 153
21 34 115 151
21 35 47 69
21 39 16 20
21 41 29 39
21 45 121 134
21 47 34 36
21 48 21 27
21 50 144 208
21 51 102 121
21 52 95 106
21 56 131 185
21 58 42 57
22 23 123 161
22 24 79 105
22 28 131 150
22 29 92 112
22 30 21 31
22 31 112 158
22 33 110 140
22 35 20 22
22 39 24 24
22 42 119 127
22 45 120 147
22 47 20 24
22 48 18 23
22 49 127 151
22 50 140 200
22 53 47 65
22 54 105 149
22 55 50 58
22 58 31 37
23 24 153 186
23 25 28 30
23 27 52 61
23 28 48 62
23 30 127 175
23 31 15 19
23 32 55 81
23 34 18 21
23 38 30 40
23 39 113 141
23 40 121 179
23 41 127 133
23 42 5 5
23 43 64 71
23 44 53 76
23 45 3 3
23 48 112 158
23 49 5 5
23 51 182 264
23 52 64 75
23 54 83 110
23 55 128 154
23 56 56 63
24 25 178 254
24 26 50 56
24 27 163 204
24 29 131 137
24 32 121 164
24 33 135 161
24 34 140 190
24 37 10 14
24 40 77 98
24 43 114 138
24 44 103 111
24 45 151 191
24 46 64 90
24 47 80 84
24 48 68 88
24 49 156 221
24 51 58 82
24 52 138 201
24 54 172 177
24 55 32 34
24 57 146 170
25 26 201 206
25 27 71 84
25 28 58 74
25 29 59 77
25 31 41 55
25 33 43 43
25 38 52 71
25 42 32 45
25 43 92 120
25 44 80 83
25 45 31 31
25 46 151 177
25 47 131 178
25 48 140 199
25 49 24 24
25 50 21 22
25 51 201 239
25 53 106 119
25 54 102 136
25 56 73 105
26 27 202 239
26 28 218 243
26 29 165 181
26 30 150 192
26 34 165 176
26 35 142 180
26 37 41 49
26 38 151 220
26 41 123 146
26 42 176 248
26 44 138 168
26 47 127 144
26 49 182 248
26 50 204 286
26 51 10 10
26 52 179 181
26 54 215 245
26 55 80 111
26 58 132 182
27 28 24 26
27 29 41 59
27 31 38 41
27 32 42 44
27 34 67 77
27 36 132 195
27 39 108 123
27 46 114 132
27 47 92 105
27 48 104 122
27 51 205 276
27 52 30 32
27 53 77 105
27 54 31 43
27 55 132 134
27 58 81 89
28 29 53 75
28 30 127 165
28 32 62 66
28 33 61 71
28 34 66 68
28 36 144 173
28 38 73 89
28 39 129 164
28 41 137 155
28 42 51 73
28 43 71 74
28 44 80 99
28 47 114 127
28 50 37 49
28 51 220 270
28 52 53 70
28 53 97 137
28 54 48 68
28 56 19 23
29 30 96 131
29 31 20 22
29 32 24 30
29 33 23 27
29 36 92 105
29 37 132 166
29 38 29 40
29 40 91 103
29 41 97 131
29 43 33 47
29 44 27 38
29 45 28 28
29 47 73 95
29 48 82 94
29 49 35 40
29 50 48 70
29 51 167 249
29 52 37 43
29 53 49 59
29 54 67 85
29 56 49 53
29 58 61 81
30 31 115 165
30 36 114 169
30 37 109 121
30 38 115 165
30 39 44 54
30 41 26 32
30 43 63 81
30 45 124 146
30 49 132 181
30 51 158 188
30 53 59 69
30 55 71 87
30 56 110 118
30 57 58 75
31 32 42 60
31 33 22 30
31 35 95 119
31 36 107 112
31 39 104 116
31 41 117 125
31 42 14 14
31 43 52 54
31 44 47 64
31 45 12 13
31 46 114 151
31 47 93 103
31 49 20 26
31 51 183 199
31 53 70 98
31 55 122 163
31 57 84 97
31 58 82 83
32 33 47 50
32 34 58 58
32 35 52 73
32 36 94 96
32 37 125 133
32 38 50 54
32 39 67 98
32 40 70 101
32 41 76 95
32 44 28 35
32 47 53 57
32 48 64 95
32 50 69 96
32 51 164 217
32 57 51 60
32 58 41 54
33 34 11 15
33 35 94 115
33 36 87 114
33 37 135 186
33 39 97 123
33 41 113 160
33 43 54 72
33 44 37 53
33 46 108 112
33 48 97 132
33 49 20 28
33 50 41 60
33 51 163 229
33 52 61 83
33 54 87 125
34 35 105 118
34 36 89 110
34 38 15 17
34 41 123 141
34 43 65 67
34 44 46 64
34 46 117 167
34 47 99 139
34 49 18 24
34 50 40 44
34 51 165 195
34 52 71 81
34 54 96 120
34 58 88 116
35 36 97 138
35 40 20 29
35 44 60 60
35 46 31 42
35 49 111 139
35 56 95 137
35 57 53 60
35 58 19 27
36 37 56 69
36 38 75 94
36 41 93 129
36 42 100 146
36 48 77 90
36 49 106 145
36 50 128 157
36 51 76 95
36 54 151 194
36 56 141 143
36 57 137 203
36 58 80 110
37 38 124 144
37 39 69 80
37 40 85 94
37 41 82 101
37 42 148 154
37 43 118 157
37 46 73 85
37 48 75 77
37 50 175 186
37 51 48 50
37 55 39 45
37 56 176 249
37 57 152 227
38 39 91 106
38 41 109 146
38 42 25 27
38 43 56 65
38 45 29 36
38 46 103 127
38 48 92 122
38 51 152 195
38 52 67 74
38 53 59 85
38 54 96 142
38 57 101 106
38 58 75 83
39 40 21 24
39 41 22 30
39 43 57 69
39 45 110 154
39 46 13 13
39 50 132 160
39 51 116 119
39 52 79 97
39 53 34 41
39 54 112 114
39 57 84 100
39 58 26 28
40 41 6 7
40 42 117 145
40 43 60 75
40 44 71 82
40 45 118 147
40 46 12 17
40 47 18 26
40 48 15 16
40 49 125 129
40 50 138 178
40 52 77 97
40 56 115 152
40 57 73 83
41 42 123 149
41 43 66 78
41 44 76 83
41 45 124 176
41 48 18 26
41 57 79 90
41 58 35 40
42 43 60 83
42 47 99 118
42 48 107 132
42 50 27 32
42 51 177 251
42 52 62 84
42 53 73 104
42 55 122 135
42 56 58 71
42 58 87 103
43 44 29 37
43 45 61 82
43 47 43 51
43 48 55 70
43 49 69 91
43 51 159 174
43 52 24 25
43 54 60 81
43 55 82 103
43 57 48 50
44 45 50 59
44 47 53 54
44 49 56 74
44 50 73 83
44 53 26 38
44 55 75 79
44 56 74 75
45 46 121 176
45 47 100 114
45 48 109 125
45 49 8 10
45 51 181 210
45 52 61 80
45 53 75 88
45 54 81 99
45 55 125 137
45 56 55 79
45 57 96 130
45 58 89 113
46 47 22 30
46 50 142 204
46 51 121 158
46 52 85 98
46 53 45 62
46 54 115 116
46 55 35 44
46 56 122 133
46 57 84 98
47 48 13 14
47 49 107 109
47 50 120 124
47 51 133 187
47 52 62 76
47 53 27 27
47 54 94 132
47 56 100 133
48 49 116 150
48 50 130 162
48 52 75 104
48 54 107 109
48 55 36 47
48 57 78 81
48 58 22 28
49 50 22 29
49 51 183 246
49 57 104 141
49 58 96 111
50 51 204 257
50 53 97 108
51 52 183 221
51 53 131 163
51 54 219 312
51 57 198 290
51 58 137 199
52 53 52 77
52 54 36 50
52 57 35 38
53 54 88 89
53 58 18 22
54 55 140 195
54 57 37 40
55 56 141 187
55 57 114 138
55 58 54 68
56 57 60 88
56 58 90 127
57 58 60 65
