59
98
116
23
36
19
50
38
46
0
32
54
58
37
13
3
9
14
33
27
11
25
7
20
52
34
39
5
41
16
40
0
10
0 1 146 216
0 2 145 199
0 3 181 247
0 4 77 98
0 5 147 165
0 6 76 89
0 9 151 171
0 10 49 61
0 12 64 67
0 15 108 130
0 17 32 44
0 18 64 86
0 19 88 128
0 22 145 186
0 23 39 43
0 26 219 312
0 29 57 81
0 30 144 173
0 31 38 40
0 32 74 75
0 33 57 80
0 34 58 84
0 35 126 140
0 37 189 253
0 38 69 74
0 39 140 150
0 40 144 196
0 42 44 49
0 43 84 119
0 45 40 57
0 46 149 204
0 47 127 157
0 50 19 22
0 56 42 46
0 57 101 105
1 2 35 39
1 3 40 45
1 5 40 46
1 8 67 71
1 10 109 133
1 11 99 113
1 12 112 125
1 14 165 222
1 16 52 55
1 17 154 202
1 19 74 83
1 20 161 216
1 22 50 50
1 23 113 113
1 24 43 57
1 27 120 157
1 28 139 139
1 29 88 96
1 30 71 76
1 31 108 157
1 32 78 108
1 33 95 100
1 35 57 76
1 37 47 55
1 38 87 124
1 42 108 149
1 45 111 143
1 51 91 124
1 52 95 109
1 53 43 43
1 55 14 17
1 56 129 144
2 3 69 82
2 5 5 5
2 6 129 165
2 7 45 49
2 8 100 126
2 9 66 80
2 11 79 113
2 12 97 101
2 15 43 51
2 16 19 26
2 17 160 181
2 18 104 138
2 21 20 23
2 23 119 160
2 24 66 88
2 25 147 168
2 26 115 155
2 27 110 149
2 29 89 110
2 31 110 157
2 32 71 85
2 33 104 125
2 36 81 109
2 37 74 103
2 38 99 148
2 39 10 11
2 40 12 14
2 42 114 124
2 45 116 144
2 46 4 5
2 51 122 181
2 53 41 61
2 55 35 48
2 56 119 123
2 58 29 29
3 4 120 169
3 5 73 92
3 6 189 282
3 7 91 122
3 8 31 34
3 12 152 206
3 13 67 95
3 14 203 263
3 16 88 99
3 18 122 125
3 19 115 115
3 20 195 228
3 27 160 201
3 32 118 128
3 33 127 161
3 34 131 178
3 35 96 139
3 36 49 62
3 37 7 7
3 39 63 68
3 40 81 107
3 42 140 181
3 44 97 113
3 47 81 118
3 48 70 102
3 49 148 185
3 50 168 200
3 51 52 55
3 53 83 93
3 55 34 42
4 5 71 92
4 8 141 151
4 11 27 37
4 12 32 36
4 14 89 95
4 15 31 42
4 16 58 69
4 17 97 128
4 20 94 99
4 21 81 92
4 22 68 93
4 23 60 69
4 24 123 125
4 25 88 116
4 27 41 49
4 28 63 85
4 29 30 35
4 30 68 76
4 32 6 7
4 34 64 77
4 35 49 68
4 38 56 83
4 40 67 75
4 41 74 101
4 42 57 79
4 44 33 38
4 45 57 64
4 46 73 92
4 48 63 93
4 49 65 91
4 50 73 86
4 51 167 212
4 55 91 125
4 58 40 56
5 6 128 162
5 7 48 63
5 9 71 99
5 10 102 104
5 12 97 144
5 13 57 85
5 14 160 183
5 16 17 23
5 17 163 181
5 19 61 87
5 20 164 196
5 24 69 79
5 28 134 164
5 29 92 116
5 30 31 42
5 32 73 80
5 33 108 124
5 36 86 103
5 37 77 92
5 38 103 117
5 39 15 16
5 41 7 7
5 42 118 176
5 44 71 98
5 45 119 137
5 49 126 137
5 50 140 205
5 52 82 107
5 54 111 156
5 55 39 52
5 58 31 39
6 7 98 115
6 8 212 264
6 9 167 193
6 11 50 62
6 12 38 51
6 14 61 77
6 15 86 86
6 16 112 157
6 17 109 159
6 18 109 122
6 19 74 102
6 22 121 158
6 24 190 219
6 25 110 162
6 26 234 263
6 27 43 46
6 28 53 62
6 30 109 132
6 34 110 142
6 37 195 245
6 38 111 129
6 39 130 166
6 40 122 166
6 41 128 166
6 44 102 121
6 45 93 103
6 46 132 152
6 52 54 61
6 54 18 21
6 55 158 217
6 56 38 42
6 57 51 51
6 58 104 154
7 8 114 154
7 9 69 84
7 10 59 85
7 11 50 69
7 13 32 34
7 14 116 128
7 15 26 29
7 16 40 50
7 17 115 119
7 18 61 91
7 21 53 59
7 22 49 49
7 24 94 109
7 25 103 113
7 26 135 199
7 27 70 100
7 31 65 76
7 32 27 40
7 33 60 81
7 35 35 44
7 37 98 119
7 39 39 57
7 41 53 57
7 42 70 100
7 43 20 21
7 44 25 35
7 45 71 95
7 46 49 58
7 47 28 28
7 49 78 106
7 52 44 53
7 54 80 103
7 55 62 92
7 57 62 68
7 58 17 18
8 9 45 63
8 10 168 246
8 11 164 188
8 12 174 192
8 14 219 289
8 15 132 150
8 16 118 161
8 17 193 283
8 21 79 80
8 22 114 165
8 23 157 210
8 28 194 197
8 29 141 183
8 30 135 150
8 32 138 186
8 33 138 182
8 34 140 142
8 36 51 51
8 39 93 99
8 42 151 151
8 43 133 157
8 44 114 157
8 46 99 105
8 48 99 139
8 49 157 229
8 50 179 214
8 54 194 213
8 57 173 247
9 10 123 146
9 12 129 193
9 14 174 178
9 15 90 131
9 17 152 180
9 18 90 110
9 20 163 200
9 21 50 74
9 24 44 45
9 25 136 192
9 26 69 89
9 27 133 178
9 30 101 113
9 31 113 126
9 34 99 133
9 35 86 99
9 36 18 18
9 39 57 79
9 41 78 106
9 43 88 94
9 44 69 103
9 46 68 89
9 47 70 79
9 48 63 69
9 49 115 133
9 51 71 92
9 52 112 122
9 56 142 203
9 57 131 138
10 11 35 47
10 14 58 64
10 15 60 85
10 17 76 88
10 18 59 77
10 19 40 45
10 20 68 71
10 21 112 167
10 23 48 56
10 24 152 219
10 25 71 105
10 26 191 199
10 27 11 11
10 29 32 37
10 30 95 113
10 31 33 42
10 32 31 44
10 34 60 70
10 35 78 90
10 36 121 172
10 38 60 71
10 39 97 135
10 40 97 116
10 41 104 122
10 43 39 50
10 44 54 71
10 45 45 59
10 47 82 116
10 48 94 121
10 49 53 60
10 53 66 77
10 55 122 165
10 57 52 73
10 58 71 92
11 12 21 30
11 14 87 115
11 15 36 45
11 16 63 69
11 17 111 142
11 18 82 100
11 20 102 110
11 22 73 91
11 23 80 119
11 24 140 142
11 25 105 106
11 26 185 207
11 29 53 66
11 33 77 90
11 36 124 177
11 37 146 207
11 39 80 105
11 41 80 82
11 42 78 89
11 44 61 68
11 46 83 122
11 48 75 101
11 52 16 21
11 53 58 61
11 56 45 60
11 58 54 58
12 13 90 113
12 14 65 84
12 16 82 115
12 18 75 79
12 19 38 53
12 21 111 119
12 22 92 133
12 24 155 167
12 25 89 106
12 27 19 20
12 28 43 45
12 30 85 92
12 31 51 62
12 32 36 45
12 35 72 97
12 36 130 133
12 38 76 93
12 39 96 101
12 40 92 107
12 41 99 106
12 42 66 78
12 43 41 46
12 46 100 130
12 47 79 114
12 48 91 133
12 49 71 72
12 50 69 95
12 51 200 236
12 52 17 20
12 54 20 21
12 56 24 24
12 57 36 42
12 58 69 97
13 14 136 141
13 15 57 66
13 17 120 163
13 20 128 151
13 22 64 77
13 23 80 117
13 24 73 91
13 25 106 118
13 27 94 117
13 28 110 161
13 29 57 67
13 31 76 106
13 32 53 71
13 33 62 78
13 34 68 90
13 38 53 53
13 39 42 55
13 40 61 71
13 44 30 39
13 46 56 75
13 48 46 51
13 50 102 150
13 52 73 88
13 54 110 111
13 58 40 43
14 15 117 143
14 17 58 68
14 19 98 103
14 20 35 35
14 22 156 204
14 25 66 98
14 28 26 34
14 29 78 93
14 32 88 110
14 35 136 157
14 36 169 224
14 38 95 100
14 40 155 181
14 41 162 193
14 45 67 74
14 46 162 180
14 48 152 201
14 49 69 89
14 52 78 98
14 57 99 122
14 58 129 143
15 16 28 41
15 17 128 165
15 20 126 183
15 21 60 87
15 22 38 39
15 25 118 144
15 26 151 160
15 27 69 73
15 28 92 99
15 29 59 74
15 30 37 37
15 31 77 78
15 32 35 35
15 33 80 88
15 34 90 111
15 35 18 22
15 37 111 123
15 38 80 114
15 40 38 38
15 41 45 55
15 43 26 32
15 46 47 48
15 47 26 37
15 48 39 50
15 52 38 53
15 53 31 32
15 55 73 79
15 56 76 86
15 57 41 46
15 58 19 20
16 17 154 188
16 23 114 143
16 24 85 120
16 25 142 167
16 26 134 199
16 27 97 114
16 30 20 27
16 33 101 144
16 34 111 139
16 35 10 14
16 36 94 138
16 37 93 103
16 40 10 10
16 42 110 136
16 46 21 30
16 55 54 78
16 56 105 155
16 58 23 33
17 18 62 76
17 19 109 151
17 20 23 29
17 21 165 186
17 23 41 51
17 26 218 326
17 31 51 74
17 33 58 80
17 34 53 63
17 35 146 198
17 39 154 162
17 40 162 212
17 42 46 61
17 44 94 125
17 46 164 198
17 47 144 146
17 49 38 50
17 50 24 34
17 51 217 298
17 52 96 140
17 58 132 175
18 19 67 84
18 22 110 114
18 24 131 178
18 25 47 53
18 26 157 191
18 27 66 98
18 28 69 82
18 32 51 55
18 36 80 81
18 40 108 132
18 41 113 119
18 42 20 20
18 43 58 65
18 45 24 26
18 47 89 117
18 48 96 97
18 50 47 52
18 55 107 107
18 56 73 78
18 57 101 112
19 20 106 157
19 26 160 183
19 27 50 69
19 28 73 106
19 32 16 16
19 33 63 67
19 34 74 97
19 36 98 98
19 37 121 170
19 41 63 86
19 43 9 12
19 47 41 51
19 49 76 94
19 51 164 174
19 53 32 33
19 54 55 69
19 56 58 85
19 57 39 42
19 58 31 33
20 21 169 249
20 22 163 196
20 23 49 53
20 24 202 220
20 27 63 67
20 28 41 54
20 30 162 200
20 35 144 159
20 37 202 247
20 40 162 198
20 41 168 174
20 42 54 54
20 44 99 107
20 49 48 57
20 51 231 299
20 52 90 123
20 54 89 95
20 56 60 71
21 22 34 40
21 23 124 167
21 24 46 47
21 26 95 120
21 28 143 207
21 29 96 132
21 32 81 81
21 33 107 109
21 34 115 124
21 35 47 59
21 36 66 81
21 38 100 149
21 39 16 20
21 40 32 41
21 43 72 88
21 44 71 76
21 45 121 149
21 48 21 28
21 49 127 158
21 50 144 157
21 55 15 22
21 56 131 166
21 58 42 45
22 23 123 147
22 26 129 175
22 27 108 152
22 28 131 158
22 29 92 130
22 32 71 75
22 33 110 114
22 34 119 159
22 35 20 28
22 37 88 89
22 39 24 27
22 41 7 9
22 42 119 158
22 43 61 90
22 45 120 155
22 49 127 175
22 51 136 184
22 52 77 108
22 54 105 144
22 55 50 54
22 56 115 149
22 57 72 87
22 58 31 43
23 24 153 177
23 25 28 40
23 26 181 209
23 28 48 54
23 29 31 37
23 30 127 170
23 31 15 15
23 33 18 20
23 34 18 19
23 35 106 113
23 37 153 181
23 39 113 124
23 40 121 138
23 45 3 3
23 49 5 6
23 51 182 191
23 52 64 81
23 57 99 135
23 58 92 123
24 25 178 250
24 26 50 55
24 27 163 183
24 29 131 143
24 30 100 115
24 31 150 162
24 32 121 132
24 36 61 69
24 37 10 11
24 40 77 91
24 42 148 158
24 45 151 190
24 46 64 70
24 47 80 101
24 48 68 93
24 50 175 243
24 52 138 139
24 53 86 110
24 54 172 239
24 55 32 38
24 56 172 195
25 26 201 275
25 27 71 98
25 28 58 79
25 30 156 206
25 33 43 51
25 34 37 55
25 35 135 171
25 36 125 133
25 37 177 197
25 38 52 56
25 41 156 200
25 43 92 120
25 48 140 176
25 52 89 98
25 55 154 224
25 57 123 170
26 27 202 242
26 28 218 234
26 29 165 242
26 30 150 216
26 31 181 234
26 35 142 149
26 36 76 106
26 37 41 58
26 38 151 205
26 39 110 124
26 40 127 178
26 42 176 218
26 44 138 179
26 46 114 129
26 48 116 158
26 50 204 299
26 51 10 13
26 52 179 191
26 54 215 296
26 55 80 113
26 56 211 267
27 28 24 31
27 29 41 48
27 30 103 138
27 31 38 45
27 34 67 87
27 36 132 139
27 37 167 191
27 39 108 121
27 40 107 133
27 41 114 166
27 43 50 54
27 49 56 56
27 50 51 61
27 52 30 37
27 53 77 95
27 54 31 36
27 55 132 164
27 56 9 10
27 58 81 111
28 29 53 59
28 31 39 50
28 32 62 77
28 33 61 81
28 34 66 77
28 35 111 130
28 36 144 153
28 37 184 256
28 39 129 165
28 40 130 176
28 41 137 140
28 42 51 60
28 44 80 119
28 46 136 196
28 48 126 180
28 49 51 60
28 51 220 286
28 52 53 53
28 53 97 131
28 54 48 52
28 55 152 221
28 56 19 23
29 30 96 99
29 32 24 24
29 33 23 33
29 34 34 38
29 35 75 91
29 37 132 183
29 38 29 31
29 41 97 145
29 43 33 40
29 44 27 28
29 45 28 40
29 46 94 104
29 47 73 74
29 48 82 97
29 49 35 39
29 50 48 64
29 51 167 236
29 53 49 56
29 56 49 56
29 57 72 78
30 31 115 143
30 32 72 72
30 33 116 169
30 36 114 123
30 38 115 147
30 39 44 53
30 40 24 34
30 41 26 27
30 43 63 88
30 46 36 36
30 47 33 35
30 48 38 39
30 49 132 147
30 50 142 192
30 51 158 198
30 52 73 79
30 53 59 81
30 56 110 143
30 57 58 78
30 58 41 49
31 32 42 54
31 33 22 22
31 34 29 40
31 36 107 133
31 37 151 191
31 38 34 49
31 42 14 20
31 43 52 67
31 45 12 12
31 46 114 169
31 49 20 25
31 51 183 273
31 53 70 73
31 55 122 159
31 56 43 48
32 33 47 51
32 34 58 73
32 38 50 64
32 40 70 86
32 41 76 100
32 42 51 72
32 43 9 12
32 44 28 38
32 45 52 54
32 50 69 96
32 52 20 29
32 56 51 61
32 58 41 51
33 34 11 13
33 35 94 102
33 37 135 175
33 38 12 16
33 43 54 74
33 44 37 51
33 45 17 18
33 47 89 95
33 49 20 27
33 51 163 175
33 52 61 81
33 53 63 77
33 55 110 113
33 57 96 128
33 58 78 105
34 35 105 110
34 36 89 98
34 37 139 151
34 38 15 21
34 40 117 128
34 41 123 136
34 42 15 19
34 43 65 65
34 45 19 27
34 46 117 173
34 48 106 149
34 50 40 43
34 52 71 99
34 53 72 79
34 54 96 108
34 55 117 135
34 56 72 72
34 58 88 102
35 36 97 135
35 39 32 44
35 41 27 37
35 43 43 54
35 45 103 120
35 47 15 16
35 48 26 36
35 50 122 129
35 51 148 218
35 54 84 103
35 56 95 118
35 58 19 22
36 37 56 76
36 38 75 83
36 42 100 132
36 43 91 136
36 45 104 111
36 46 83 91
36 47 82 99
36 48 77 85
36 49 106 132
36 51 76 93
36 52 114 156
36 53 67 75
36 54 151 215
36 56 141 192
36 58 80 92
37 38 124 182
37 39 69 84
37 41 82 112
37 44 104 137
37 45 151 200
37 46 73 80
37 49 155 156
37 50 175 202
37 54 177 205
37 55 39 50
38 39 91 101
38 41 109 163
38 43 56 80
38 44 32 43
38 46 103 121
38 47 86 121
38 53 59 83
38 54 96 108
38 55 102 141
38 57 101 145
39 40 21 21
39 41 22 32
39 42 108 155
39 43 57 69
39 47 18 23
39 50 132 146
39 52 79 83
39 53 34 45
40 41 6 6
40 43 60 81
40 46 12 17
40 48 15 21
40 49 125 143
40 50 138 188
40 51 134 168
40 52 77 98
40 53 45 53
40 54 105 138
40 56 115 118
40 57 73 104
41 42 123 182
41 43 66 97
41 44 76 84
41 46 10 12
41 47 24 25
41 48 18 26
41 49 131 177
41 51 131 152
41 52 84 120
41 53 50 62
41 55 45 52
41 56 122 123
41 58 35 37
42 43 60 70
42 45 4 5
42 47 99 109
42 48 107 146
42 50 27 31
42 52 62 85
42 53 73 103
42 55 122 129
42 56 58 58
42 58 87 107
43 44 29 38
43 45 61 88
43 47 43 59
43 48 55 58
43 49 69 93
43 51 159 176
43 52 24 26
43 54 60 76
43 56 59 85
43 57 48 57
44 45 50 73
44 46 71 104
44 47 53 62
44 48 60 81
44 52 49 59
44 53 26 32
44 54 84 98
44 55 75 111
44 56 74 103
44 57 77 82
45 46 121 137
45 47 100 142
45 48 109 122
45 49 8 9
45 51 181 205
45 52 61 75
45 53 75 88
45 55 125 135
45 56 55 59
45 58 89 121
46 47 22 31
46 48 11 12
46 49 127 157
46 50 142 152
46 51 121 181
46 52 85 93
46 53 45 63
46 55 35 40
46 57 84 85
47 48 13 15
47 53 27 32
47 54 94 136
47 57 65 90
47 58 11 11
48 49 116 130
48 51 122 171
48 52 75 93
48 53 34 49
48 57 78 87
48 58 22 26
49 50 22 32
49 51 183 192
49 52 69 99
49 53 82 93
49 54 88 112
49 56 61 91
49 57 104 152
49 58 96 126
50 51 204 290
50 52 72 74
50 53 97 107
50 54 81 105
50 55 149 178
50 58 109 135
51 52 183 189
51 53 131 194
51 54 219 310
51 56 214 242
51 58 137 142
52 53 52 60
52 54 36 49
52 57 35 38
52 58 53 61
53 54 88 121
53 55 55 75
53 56 86 91
54 55 140 176
54 56 30 34
55 56 141 193
55 57 114 114
55 58 54 61
56 57 60 79
56 58 90 114
57 58 60 74
