59
146
49
23
1
19
57
40
23
28
30
5
41
58
10
43
3
8
7
45
47
38
39
51
33
50
53
5
2
8
42
48
58
0 1 146 151
0 3 181 258
0 4 77 89
0 6 76 78
0 7 100 134
0 10 49 70
0 11 84 96
0 12 64 90
0 13 114 151
0 14 29 37
0 15 108 133
0 16 135 142
0 17 32 42
0 19 88 107
0 22 145 146
0 24 188 201
0 26 219 281
0 27 44 46
0 28 24 24
0 31 38 45
0 33 57 77
0 34 58 61
0 38 69 96
0 39 140 176
0 41 151 197
0 42 44 57
0 44 85 107
0 45 40 42
0 47 127 174
0 48 138 168
0 49 40 44
0 51 220 312
0 53 106 158
0 54 72 82
0 58 116 162
1 2 35 36
1 6 148 188
1 7 51 64
1 8 67 97
1 9 30 33
1 11 99 119
1 12 112 113
1 14 165 222
1 16 52 52
1 18 92 133
1 19 74 78
1 20 161 208
1 23 113 118
1 24 43 62
1 26 86 123
1 27 120 120
1 28 139 158
1 29 88 121
1 32 78 108
1 33 95 132
1 34 102 112
1 37 47 51
1 38 87 110
1 39 27 35
1 41 47 69
1 44 61 82
1 47 42 60
1 48 33 34
1 49 116 141
1 50 134 147
1 51 91 119
1 52 95 100
1 55 14 16
1 58 45 58
2 3 69 95
2 4 69 79
2 5 5 5
2 8 100 119
2 9 66 88
2 10 100 111
2 12 97 109
2 13 52 63
2 21 20 23
2 23 119 160
2 24 66 94
2 27 110 147
2 29 89 122
2 32 71 95
2 33 104 129
2 34 113 157
2 35 28 37
2 36 81 106
2 37 74 105
2 39 10 14
2 41 12 15
2 45 116 127
2 47 18 20
2 48 7 8
2 49 123 136
2 51 122 122
2 53 41 52
2 56 119 131
3 4 120 124
3 5 73 92
3 6 189 261
3 7 91 132
3 8 31 31
3 12 152 196
3 13 67 77
3 14 203 222
3 16 88 126
3 17 185 208
3 18 122 166
3 23 146 208
3 24 13 18
3 26 46 49
3 27 160 163
3 29 125 136
3 30 105 153
3 32 118 163
3 34 131 136
3 36 49 57
3 37 7 7
3 42 140 184
3 43 111 148
3 44 97 117
3 48 70 85
3 51 52 58
3 54 170 253
3 57 147 208
4 5 71 99
4 7 29 43
4 8 141 144
4 9 96 103
4 10 31 42
4 11 27 29
4 13 57 63
4 15 31 32
4 17 97 128
4 18 57 75
4 19 11 16
4 21 81 103
4 22 68 90
4 23 60 87
4 24 123 131
4 26 164 200
4 27 41 54
4 28 63 70
4 29 30 40
4 30 68 87
4 31 47 59
4 32 6 7
4 36 98 130
4 37 127 144
4 39 66 84
4 41 74 76
4 42 57 83
4 43 9 13
4 44 33 49
4 45 57 68
4 46 73 79
4 47 51 53
4 48 63 85
4 53 37 49
4 55 91 128
4 56 50 65
4 57 45 46
5 6 128 165
5 8 104 140
5 9 71 91
5 10 102 105
5 13 57 69
5 14 160 160
5 15 43 64
5 18 107 125
5 20 164 222
5 21 24 29
5 22 10 12
5 25 151 172
5 26 119 172
5 27 111 118
5 29 92 107
5 32 73 87
5 34 117 132
5 37 77 102
5 38 103 127
5 39 15 15
5 40 8 10
5 42 118 121
5 44 71 99
5 48 11 12
5 49 126 173
5 52 82 113
5 54 111 127
5 55 39 56
5 57 80 80
5 58 31 37
6 7 98 131
6 9 167 190
6 11 50 58
6 12 38 45
6 13 128 186
6 14 61 85
6 16 112 128
6 18 109 118
6 21 146 157
6 22 121 165
6 25 110 129
6 26 234 289
6 29 83 97
6 30 109 136
6 31 81 87
6 33 101 104
6 34 110 113
6 35 101 146
6 36 169 233
6 37 195 287
6 38 111 137
6 39 130 176
6 40 122 144
6 41 128 154
6 43 79 109
6 46 132 193
6 47 112 112
6 48 125 160
6 53 106 152
6 54 18 22
6 56 38 55
7 8 114 127
7 9 69 75
7 10 59 79
7 11 50 53
7 12 61 79
7 13 32 41
7 15 26 37
7 16 40 56
7 17 115 129
7 18 61 84
7 19 24 31
7 20 117 150
7 22 49 56
7 23 74 103
7 24 94 124
7 26 135 148
7 29 44 52
7 30 57 62
7 33 60 65
7 34 70 84
7 35 35 44
7 36 74 99
7 39 39 55
7 40 47 69
7 42 70 85
7 43 20 22
7 44 25 26
7 45 71 97
7 46 49 57
7 47 28 41
7 48 38 52
7 49 78 97
7 50 92 105
7 52 44 60
7 53 8 8
7 54 80 81
7 55 62 67
7 58 17 25
8 9 45 52
8 10 168 210
8 11 164 205
8 12 174 175
8 13 85 119
8 14 219 298
8 15 132 147
8 16 118 150
8 17 193 238
8 18 132 158
8 19 138 180
8 21 79 107
8 25 176 226
8 26 25 33
8 28 194 282
8 32 138 203
8 33 138 168
8 35 124 149
8 38 126 181
8 39 93 135
8 40 111 140
8 44 114 130
8 45 155 216
8 47 109 130
8 48 99 140
8 49 157 230
8 50 179 198
8 51 26 28
8 52 157 227
8 53 105 144
8 54 194 276
8 55 64 74
8 57 173 220
9 10 123 155
9 11 120 178
9 12 129 166
9 14 174 238
9 15 90 100
9 18 90 92
9 19 94 111
9 24 44 50
9 26 69 81
9 27 133 191
9 28 149 151
9 29 96 98
9 30 101 140
9 33 95 99
9 34 99 116
9 40 78 116
9 41 78 91
9 43 88 120
9 44 69 80
9 47 70 93
9 48 63 92
9 50 136 168
9 51 71 91
9 52 112 156
9 53 61 84
9 54 149 183
9 55 38 38
9 56 142 182
9 57 131 188
9 58 71 81
10 11 35 39
10 13 83 121
10 15 60 67
10 16 88 106
10 17 76 102
10 18 59 65
10 19 40 48
10 20 68 78
10 21 112 159
10 22 98 141
10 24 152 224
10 28 32 44
10 30 95 104
10 31 33 40
10 32 31 45
10 34 60 89
10 35 78 97
10 36 121 180
10 37 156 174
10 39 97 113
10 40 97 101
10 42 48 58
10 43 39 51
10 44 54 74
10 47 82 91
10 48 94 104
10 49 53 73
10 50 51 64
10 51 194 278
10 56 20 27
10 58 71 83
11 12 21 28
11 14 87 101
11 18 82 113
11 21 96 107
11 22 73 88
11 23 80 86
11 24 140 162
11 26 185 265
11 28 64 70
11 29 53 72
11 32 33 45
11 33 77 77
11 34 87 111
11 35 52 57
11 36 124 146
11 37 146 179
11 39 80 105
11 40 73 102
11 41 80 95
11 42 78 108
11 43 33 46
11 44 61 77
11 46 83 101
11 47 62 73
11 48 75 108
11 49 85 94
11 50 86 105
11 51 190 281
11 54 32 39
11 55 108 108
11 56 45 56
12 13 90 130
12 15 54 70
12 16 82 120
12 17 93 132
12 18 75 109
12 19 38 38
12 20 82 89
12 22 92 110
12 24 155 172
12 25 89 132
12 26 196 234
12 27 19 25
12 28 43 52
12 29 47 55
12 31 51 72
12 32 36 44
12 33 68 96
12 34 78 95
12 35 72 76
12 36 130 156
12 37 159 213
12 38 76 113
12 40 92 131
12 42 66 95
12 43 41 45
12 45 64 84
12 46 100 108
12 48 91 98
12 49 71 101
12 50 69 97
12 51 200 226
12 52 17 18
12 53 69 74
12 54 20 25
12 55 123 142
12 57 36 50
13 14 136 202
13 15 57 78
13 16 59 84
13 17 120 172
13 18 59 77
13 19 56 78
13 21 48 49
13 23 80 88
13 27 94 120
13 28 110 139
13 33 62 85
13 34 68 79
13 35 59 79
13 38 53 56
13 40 61 61
13 41 64 81
13 43 49 58
13 44 30 34
13 45 78 111
13 46 56 65
13 47 45 59
13 48 46 57
13 50 102 131
13 53 25 29
13 54 110 119
13 57 95 124
13 58 40 55
14 15 117 173
14 16 146 207
14 22 156 206
14 24 208 263
14 25 66 73
14 27 48 53
14 28 26 38
14 29 78 92
14 33 83 92
14 34 86 105
14 36 169 200
14 37 210 222
14 39 155 225
14 44 105 136
14 49 69 69
14 50 48 64
14 51 245 344
14 53 123 174
14 54 64 79
14 56 41 55
14 58 129 177
15 16 28 31
15 17 128 149
15 19 19 21
15 21 60 64
15 23 90 128
15 24 105 156
15 25 118 126
15 28 92 110
15 29 59 84
15 31 77 89
15 34 90 94
15 35 18 24
15 36 98 133
15 37 111 146
15 38 80 119
15 40 38 40
15 41 45 55
15 42 86 104
15 43 26 36
15 46 47 48
15 47 26 28
15 48 39 54
15 50 104 127
15 51 157 218
15 52 38 44
15 53 31 42
15 54 68 87
15 58 19 19
16 17 154 201
16 19 47 53
16 20 153 221
16 21 39 49
16 23 114 136
16 27 97 104
16 29 83 116
16 31 103 117
16 32 61 77
16 33 101 119
16 34 111 115
16 35 10 10
16 36 94 127
16 37 93 119
16 39 25 36
16 40 10 13
16 41 16 17
16 42 110 162
16 43 51 71
16 44 66 71
16 45 111 142
16 47 14 18
16 48 19 20
16 49 118 129
16 50 130 179
16 51 141 150
16 52 67 72
16 54 95 135
16 55 54 69
16 57 63 68
16 58 23 30
17 18 62 69
17 19 109 142
17 21 165 169
17 22 163 170
17 24 193 225
17 25 16 17
17 26 218 290
17 29 71 85
17 33 58 69
17 35 146 168
17 36 141 195
17 37 192 239
17 38 67 86
17 43 103 103
17 44 94 106
17 45 43 54
17 47 144 156
17 49 38 51
17 50 24 29
17 52 96 134
17 53 119 171
17 54 104 105
17 55 168 168
17 58 132 180
18 19 67 98
18 21 105 145
18 22 110 130
18 25 47 66
18 26 157 221
18 27 66 76
18 29 29 43
18 30 118 127
18 31 30 33
18 35 96 130
18 36 80 116
18 37 130 188
18 39 96 134
18 42 20 24
18 43 58 59
18 44 36 44
18 45 24 32
18 46 108 159
18 47 89 109
18 48 96 114
18 49 25 34
18 50 47 55
18 51 157 225
18 54 95 107
18 55 107 144
18 57 101 109
18 58 79 114
19 20 106 135
19 21 73 100
19 24 117 126
19 26 160 178
19 27 50 69
19 28 73 102
19 29 41 43
19 30 57 71
19 31 58 70
19 32 16 18
19 33 63 88
19 34 74 77
19 36 98 115
19 37 121 147
19 38 65 91
19 39 58 74
19 41 63 76
19 42 68 97
19 43 9 11
19 48 54 79
19 51 164 211
19 52 21 24
19 54 55 68
19 55 85 90
19 56 58 64
19 58 31 34
20 21 169 183
20 24 202 250
20 25 35 41
20 28 41 60
20 29 73 84
20 32 91 92
20 33 67 93
20 34 66 74
20 37 202 204
20 38 79 89
20 39 157 191
20 40 162 235
20 41 168 216
20 42 54 72
20 43 101 107
20 44 99 118
20 45 50 67
20 46 166 218
20 47 144 155
20 48 155 216
20 50 26 35
20 52 90 105
20 54 89 124
20 57 119 121
20 58 133 191
21 22 34 38
21 23 124 173
21 26 95 115
21 27 123 153
21 28 143 149
21 29 96 118
21 32 81 119
21 35 47 58
21 36 66 95
21 37 54 72
21 38 100 115
21 39 16 17
21 40 32 34
21 42 119 176
21 44 71 106
21 45 121 175
21 46 19 26
21 47 34 45
21 48 21 29
21 50 144 145
21 53 47 64
21 55 15 16
21 56 131 188
21 57 100 139
21 58 42 45
22 23 123 128
22 24 79 80
22 27 108 121
22 28 131 149
22 29 92 115
22 32 71 80
22 34 119 170
22 35 20 25
22 36 95 135
22 42 119 172
22 47 20 29
22 53 47 52
22 54 105 113
22 55 50 56
22 58 31 38
23 24 153 213
23 25 28 28
23 28 48 68
23 29 31 37
23 30 127 160
23 31 15 16
23 32 55 71
23 33 18 18
23 34 18 25
23 35 106 135
23 39 113 138
23 41 127 169
23 42 5 6
23 46 123 127
23 47 103 153
23 48 112 158
23 50 22 23
23 51 182 207
23 52 64 87
23 54 83 93
23 55 128 147
23 56 56 78
23 58 92 122
24 25 178 194
24 26 50 73
24 27 163 209
24 28 182 199
24 29 131 180
24 31 150 195
24 35 93 139
24 36 61 71
24 39 62 72
24 42 148 221
24 43 114 138
24 44 103 141
24 45 151 158
24 48 68 95
24 50 175 178
24 51 58 81
24 52 138 187
24 53 86 106
24 55 32 47
24 57 146 163
24 58 86 121
25 26 201 267
25 27 71 92
25 28 58 71
25 29 59 84
25 31 41 56
25 32 83 91
25 33 43 63
25 34 37 43
25 35 135 157
25 36 125 166
25 37 177 223
25 38 52 70
25 39 140 202
25 40 150 154
25 41 156 177
25 42 32 42
25 43 92 133
25 47 131 185
25 50 21 28
25 55 154 222
25 57 123 157
26 27 202 240
26 28 218 266
26 29 165 167
26 30 150 163
26 32 161 191
26 33 163 208
26 35 142 145
26 36 76 95
26 39 110 161
26 40 127 164
26 43 155 202
26 44 138 138
26 45 180 229
26 46 114 125
26 47 127 165
26 48 116 133
26 51 10 13
26 52 179 264
26 53 127 170
26 54 215 236
26 55 80 86
27 28 24 25
27 30 103 111
27 34 67 89
27 35 87 127
27 36 132 146
27 37 167 228
27 38 68 77
27 39 108 141
27 40 107 111
27 42 53 70
27 43 50 64
27 44 65 81
27 48 104 110
27 51 205 220
27 55 132 156
27 56 9 11
27 57 56 80
28 29 53 61
28 30 127 157
28 31 39 57
28 32 62 67
28 33 61 90
28 34 66 91
28 36 144 213
28 39 129 158
28 40 130 176
28 41 137 137
28 42 51 55
28 43 71 95
28 44 80 111
28 45 47 50
28 47 114 169
28 48 126 141
28 49 51 64
28 50 37 40
28 51 220 288
28 52 53 73
28 53 97 123
28 54 48 58
28 56 19 21
29 30 96 107
29 32 24 28
29 33 23 27
29 35 75 99
29 37 132 176
29 40 91 101
29 42 27 28
29 43 33 41
29 44 27 29
29 46 94 133
29 47 73 76
29 48 82 91
29 49 35 52
29 51 167 206
29 55 102 146
29 56 49 54
29 57 72 95
29 58 61 70
30 31 115 115
30 32 72 78
30 34 127 174
30 37 109 140
30 38 115 128
30 40 24 35
30 41 26 37
30 46 36 41
30 47 33 45
30 50 142 170
30 51 158 235
30 52 73 94
30 53 59 71
30 54 94 99
30 58 41 54
31 32 42 50
31 33 22 31
31 34 29 31
31 36 107 132
31 37 151 216
31 38 34 44
31 39 104 141
31 40 111 127
31 43 52 67
31 44 47 60
31 45 12 17
31 47 93 126
31 48 103 121
31 49 20 21
31 51 183 223
31 52 49 50
31 54 68 94
31 56 43 58
31 58 82 91
32 33 47 62
32 35 52 61
32 37 125 167
32 39 67 95
32 40 70 99
32 43 9 10
32 44 28 38
32 45 52 60
32 48 64 76
32 49 60 89
32 50 69 83
32 51 164 173
32 53 35 40
32 54 56 82
32 55 90 96
32 58 41 45
33 34 11 13
33 35 94 110
33 36 87 100
33 37 135 167
33 38 12 15
33 39 97 138
33 41 113 121
33 42 13 16
33 45 17 19
33 46 108 142
33 47 89 120
33 49 20 27
33 52 61 63
34 35 105 153
34 36 89 113
34 38 15 22
34 40 117 169
34 41 123 159
34 43 65 66
34 44 46 63
34 45 19 20
34 46 117 170
34 50 40 54
34 53 72 102
34 55 117 117
34 56 72 89
34 57 106 147
34 58 88 103
35 36 97 130
35 37 101 130
35 38 93 106
35 39 32 43
35 40 20 29
35 42 102 146
35 44 60 83
35 46 31 42
35 47 15 16
35 49 111 148
35 50 122 124
35 51 148 154
35 53 37 38
35 54 84 121
35 55 62 78
35 57 53 73
36 37 56 56
36 38 75 100
36 39 71 100
36 40 92 135
36 42 100 106
36 44 67 92
36 45 104 147
36 48 77 78
36 49 106 151
36 50 128 138
36 51 76 112
36 52 114 139
36 53 67 87
36 54 151 162
36 56 141 187
36 57 137 197
36 58 80 103
37 38 124 173
37 40 85 123
37 43 118 164
37 44 104 152
37 47 86 109
37 48 75 105
37 49 155 163
37 51 48 64
37 52 142 171
37 54 177 265
37 55 39 51
37 57 152 215
37 58 92 113
38 39 91 110
38 40 104 106
38 41 109 124
38 42 25 32
38 43 56 60
38 44 32 40
38 45 29 36
38 47 86 104
38 49 31 40
38 51 152 178
38 52 67 71
38 53 59 70
38 54 96 116
38 58 75 91
39 40 21 24
39 41 22 32
39 42 108 140
39 44 60 82
39 46 13 14
39 48 6 6
39 50 132 147
39 52 79 109
39 53 34 39
39 54 112 151
39 55 30 34
40 41 6 8
40 42 117 164
40 43 60 73
40 45 118 143
40 47 18 26
40 48 15 16
40 49 125 158
40 50 138 192
40 52 77 91
40 53 45 50
40 54 105 151
41 42 123 170
41 43 66 66
41 46 10 10
41 47 24 30
41 48 18 22
41 49 131 139
41 50 145 172
41 51 131 149
41 52 84 124
41 53 50 55
41 54 111 144
41 55 45 50
42 43 60 73
42 44 48 59
42 45 4 4
42 48 107 134
42 49 8 9
42 50 27 40
42 51 177 239
42 53 73 90
42 57 97 140
42 58 87 117
43 44 29 29
43 45 61 82
43 46 65 96
43 48 55 58
43 50 79 88
43 51 159 164
43 52 24 35
43 53 28 31
43 56 59 71
43 57 48 69
43 58 32 32
44 45 50 54
44 46 71 103
44 49 56 64
44 50 73 87
44 52 49 50
44 53 26 35
44 56 74 100
44 57 77 82
45 46 121 162
45 47 100 130
45 48 109 144
45 49 8 10
45 51 181 194
45 52 61 83
45 55 125 181
45 56 55 70
45 58 89 111
46 47 22 32
46 49 127 132
46 51 121 150
46 52 85 119
46 53 45 65
46 56 122 163
46 57 84 117
47 48 13 17
47 49 107 123
47 50 120 167
47 51 133 156
47 53 27 32
47 54 94 108
47 55 48 48
47 58 11 13
48 49 116 120
48 50 130 174
48 52 75 101
48 53 34 49
48 54 107 159
48 56 113 130
48 57 78 104
49 50 22 30
49 52 69 73
49 53 82 110
49 54 88 112
49 55 130 159
49 56 61 68
49 57 104 145
50 51 204 245
50 52 72 96
50 56 51 68
50 58 109 149
51 52 183 257
51 53 131 136
51 54 219 281
51 55 86 113
51 56 214 311
51 57 198 208
51 58 137 145
52 53 52 57
52 54 36 52
52 57 35 42
53 54 88 101
53 55 55 81
53 56 86 91
54 55 140 152
54 58 86 123
55 56 141 193
55 57 114 169
55 58 54 71
56 57 60 62
56 58 90 134
57 58 60 68
