59
59
116
23
26
58
52
35
21
16
57
5
33
30
54
46
47
17
55
56
11
7
22
39
43
34
1
5
36
31
58
43
14
0 1 146 203
0 3 181 253
0 4 77 92
0 5 147 153
0 8 195 285
0 9 151 165
0 10 49 62
0 11 84 100
0 16 135 150
0 17 32 42
0 18 64 89
0 19 88 122
0 20 18 22
0 23 39 48
0 26 219 268
0 29 57 62
0 30 144 208
0 31 38 48
0 32 74 95
0 33 57 76
0 34 58 81
0 35 126 164
0 36 144 189
0 37 189 273
0 39 140 147
0 40 144 182
0 43 84 96
0 45 40 40
0 47 127 163
0 48 138 177
0 49 40 42
0 52 71 100
0 55 160 221
0 57 101 132
1 2 35 47
1 3 40 58
1 4 80 99
1 5 40 47
1 6 148 210
1 7 51 55
1 8 67 87
1 10 109 127
1 11 99 136
1 13 33 38
1 15 65 65
1 16 52 58
1 18 92 98
1 23 113 134
1 25 139 161
1 26 86 96
1 31 108 139
1 32 78 91
1 33 95 109
1 34 102 116
1 35 57 73
1 39 27 39
1 41 47 53
1 42 108 139
1 43 71 91
1 44 61 74
1 49 116 141
1 50 134 167
1 52 95 135
1 53 43 48
1 57 106 114
2 3 69 103
2 4 69 77
2 6 129 148
2 7 45 59
2 9 66 90
2 10 100 124
2 13 52 58
2 15 43 47
2 16 19 19
2 17 160 232
2 18 104 115
2 19 60 87
2 24 66 76
2 25 147 179
2 26 115 158
2 27 110 137
2 28 132 133
2 29 89 97
2 30 36 42
2 31 110 164
2 33 104 127
2 36 81 105
2 39 10 12
2 40 12 17
2 41 12 13
2 42 114 156
2 45 116 171
2 48 7 10
2 49 123 160
2 50 137 176
2 51 122 136
2 53 41 53
2 55 35 49
2 56 119 149
2 57 81 99
3 4 120 130
3 6 189 239
3 7 91 128
3 8 31 36
3 9 33 34
3 11 140 203
3 13 67 70
3 14 203 208
3 16 88 103
3 17 185 209
3 18 122 182
3 19 115 170
3 21 49 52
3 22 84 117
3 23 146 168
3 24 13 15
3 26 46 57
3 27 160 161
3 28 177 249
3 29 125 149
3 33 127 188
3 34 131 141
3 35 96 128
3 37 7 10
3 44 97 100
3 46 69 88
3 48 70 71
3 50 168 187
3 52 135 164
3 53 83 85
3 55 34 48
3 57 147 157
3 58 86 126
4 5 71 74
4 7 29 39
4 8 141 163
4 9 96 96
4 10 31 33
4 11 27 38
4 12 32 37
4 13 57 60
4 14 89 89
4 15 31 46
4 17 97 114
4 18 57 68
4 20 94 124
4 22 68 99
4 23 60 85
4 24 123 126
4 25 88 103
4 26 164 201
4 27 41 55
4 28 63 82
4 30 68 74
4 31 47 50
4 32 6 8
4 33 53 79
4 35 49 66
4 36 98 135
4 39 66 68
4 40 67 76
4 42 57 74
4 44 33 47
4 45 57 74
4 47 51 51
4 49 65 76
4 51 167 230
4 52 16 18
4 54 52 70
4 56 50 57
4 57 45 64
4 58 40 44
5 6 128 134
5 7 48 52
5 9 71 91
5 12 97 107
5 13 57 76
5 14 160 163
5 15 43 46
5 16 17 24
5 18 107 154
5 24 69 81
5 25 151 176
5 26 119 131
5 27 111 123
5 28 134 172
5 29 92 124
5 31 113 150
5 32 73 90
5 34 117 157
5 35 27 34
5 36 86 115
5 38 103 105
5 42 118 133
5 43 63 88
5 44 71 83
5 45 119 145
5 47 20 25
5 48 11 14
5 49 126 146
5 50 140 155
5 51 126 174
5 52 82 88
5 53 44 51
5 54 111 158
5 56 120 148
5 57 80 119
6 7 98 120
6 11 50 57
6 12 38 45
6 13 128 177
6 14 61 74
6 16 112 144
6 18 109 133
6 20 92 131
6 21 146 156
6 24 190 220
6 26 234 294
6 27 43 56
6 28 53 60
6 29 83 122
6 30 109 155
6 31 81 95
6 33 101 105
6 34 110 133
6 35 101 132
6 37 195 241
6 40 122 140
6 43 79 102
6 45 93 106
6 47 112 127
6 49 99 114
6 52 54 74
6 53 106 127
6 54 18 19
6 55 158 214
6 56 38 48
6 57 51 61
6 58 104 154
7 8 114 153
7 9 69 95
7 10 59 82
7 11 50 71
7 12 61 73
7 13 32 41
7 16 40 57
7 17 115 146
7 19 24 24
7 21 53 70
7 22 49 64
7 24 94 107
7 25 103 117
7 27 70 102
7 28 90 118
7 29 44 49
7 33 60 79
7 38 58 59
7 39 39 39
7 40 47 51
7 41 53 54
7 42 70 85
7 44 25 36
7 45 71 94
7 46 49 66
7 47 28 32
7 48 38 48
7 50 92 105
7 53 8 8
7 54 80 80
7 56 78 112
7 57 62 74
7 58 17 22
8 9 45 61
8 10 168 234
8 11 164 232
8 12 174 191
8 17 193 208
8 19 138 206
8 22 114 154
8 25 176 213
8 26 25 26
8 29 141 161
8 30 135 148
8 32 138 194
8 34 140 162
8 35 124 129
8 36 51 57
8 38 126 178
8 40 111 128
8 41 109 145
8 44 114 131
8 45 155 197
8 47 109 147
8 48 99 111
8 50 179 197
8 52 157 222
8 54 194 217
8 56 188 273
8 57 173 227
9 10 123 123
9 11 120 171
9 13 39 42
9 14 174 201
9 15 90 129
9 16 82 88
9 18 90 96
9 20 163 231
9 21 50 57
9 22 81 118
9 24 44 56
9 26 69 73
9 28 149 172
9 29 96 118
9 32 93 119
9 33 95 132
9 37 41 45
9 38 84 102
9 39 57 64
9 42 108 118
9 43 88 130
9 44 69 92
9 46 68 79
9 48 63 71
9 49 115 151
9 50 136 167
9 51 71 103
9 53 61 88
9 54 149 204
9 55 38 40
9 56 142 160
10 11 35 40
10 12 18 23
10 13 83 103
10 14 58 67
10 16 88 89
10 17 76 94
10 20 68 73
10 22 98 142
10 23 48 51
10 24 152 187
10 26 191 205
10 29 32 33
10 30 95 106
10 31 33 43
10 33 51 57
10 34 60 73
10 38 60 69
10 41 104 125
10 42 48 65
10 46 104 131
10 49 53 57
10 52 22 31
10 53 66 67
10 55 122 125
10 56 20 21
10 57 52 71
11 12 21 22
11 13 82 116
11 15 36 47
11 16 63 75
11 18 82 113
11 20 102 125
11 21 96 109
11 22 73 101
11 24 140 166
11 25 105 150
11 28 64 89
11 30 64 64
11 33 77 111
11 35 52 73
11 38 82 109
11 39 80 101
11 41 80 87
11 43 33 38
11 44 61 64
11 47 62 84
11 48 75 89
11 49 85 117
11 50 86 122
11 51 190 273
11 53 58 82
11 55 108 136
11 56 45 62
11 58 54 73
12 13 90 92
12 14 65 89
12 15 54 68
12 16 82 102
12 17 93 114
12 18 75 92
12 19 38 48
12 21 111 147
12 22 92 100
12 24 155 224
12 26 196 220
12 27 19 20
12 28 43 62
12 32 36 37
12 33 68 91
12 34 78 96
12 36 130 136
12 37 159 189
12 39 96 138
12 40 92 93
12 43 41 44
12 45 64 85
12 46 100 142
12 50 69 79
12 51 200 207
12 54 20 23
12 55 123 164
13 14 136 195
13 17 120 159
13 18 59 69
13 19 56 56
13 21 48 53
13 22 64 95
13 24 73 89
13 25 106 112
13 26 108 161
13 28 110 143
13 30 79 94
13 31 76 84
13 34 68 85
13 36 42 57
13 38 53 59
13 39 42 60
13 40 61 77
13 41 64 65
13 42 75 111
13 43 49 61
13 44 30 39
13 45 78 114
13 47 45 63
13 48 46 61
13 49 83 98
13 54 110 164
13 55 48 66
13 58 40 55
14 15 117 119
14 16 146 204
14 17 58 76
14 22 156 172
14 23 67 97
14 26 243 355
14 27 48 48
14 28 26 34
14 29 78 80
14 34 86 104
14 35 136 198
14 37 210 247
14 38 95 113
14 39 155 204
14 40 155 183
14 41 162 225
14 42 71 72
14 43 97 118
14 46 162 217
14 48 152 182
14 49 69 96
14 51 245 277
14 53 123 167
14 54 64 67
14 58 129 134
15 16 28 38
15 17 128 144
15 18 82 93
15 20 126 159
15 21 60 79
15 22 38 39
15 23 90 105
15 24 105 139
15 25 118 166
15 26 151 183
15 27 69 80
15 28 92 98
15 29 59 66
15 30 37 39
15 32 35 44
15 36 98 143
15 40 38 41
15 42 86 124
15 43 26 28
15 45 87 119
15 46 47 60
15 47 26 27
15 50 104 141
15 52 38 46
15 53 31 38
15 54 68 99
16 17 154 175
16 18 102 147
16 19 47 64
16 20 153 228
16 21 39 58
16 22 10 12
16 25 142 210
16 27 97 143
16 28 120 146
16 30 20 21
16 31 103 114
16 34 111 135
16 35 10 12
16 39 25 29
16 40 10 12
16 41 16 21
16 42 110 112
16 43 51 61
16 44 66 81
16 48 19 24
16 52 67 78
16 53 40 42
16 55 54 56
16 56 105 105
16 57 63 64
17 18 62 66
17 19 109 115
17 24 193 209
17 28 56 73
17 30 166 203
17 31 51 61
17 33 58 66
17 36 141 206
17 39 154 217
17 40 162 162
17 42 46 57
17 43 103 141
17 44 94 115
17 45 43 45
17 50 24 25
17 53 119 128
17 54 104 111
17 55 168 244
17 56 74 84
17 57 129 184
18 19 67 86
18 20 73 97
18 22 110 142
18 24 131 163
18 26 157 207
18 30 118 169
18 31 30 40
18 32 51 54
18 33 8 10
18 35 96 132
18 37 130 164
18 39 96 105
18 40 108 114
18 41 113 127
18 42 20 23
18 47 89 105
18 49 25 32
18 50 47 65
18 51 157 163
18 53 63 78
18 54 95 133
18 55 107 136
18 57 101 118
19 20 106 114
19 22 58 61
19 23 71 88
19 25 99 107
19 27 50 64
19 28 73 79
19 29 41 47
19 30 57 57
19 33 63 69
19 35 38 42
19 36 98 144
19 37 121 174
19 43 9 10
19 46 64 89
19 49 76 109
19 50 84 106
19 52 21 24
19 54 55 61
19 55 85 127
20 21 169 220
20 24 202 257
20 25 35 50
20 26 231 325
20 30 162 209
20 31 52 71
20 32 91 111
20 35 144 161
20 36 154 196
20 38 79 82
20 40 162 195
20 41 168 185
20 43 101 121
20 44 99 139
20 45 50 62
20 47 144 210
20 48 155 218
20 50 26 29
20 53 122 148
20 54 89 124
20 55 175 175
20 58 133 164
21 22 34 46
21 26 95 108
21 29 96 125
21 30 55 67
21 31 117 150
21 32 81 103
21 33 107 134
21 34 115 139
21 36 66 82
21 38 100 130
21 39 16 20
21 40 32 46
21 42 119 151
21 43 72 79
21 44 71 81
21 45 121 171
21 46 19 24
21 47 34 34
21 49 127 165
21 50 144 205
21 51 102 103
21 53 47 64
21 54 128 135
21 55 15 20
21 56 131 147
21 57 100 101
22 23 123 168
22 25 151 151
22 26 129 135
22 29 92 98
22 32 71 87
22 35 20 29
22 38 106 117
22 41 7 8
22 42 119 144
22 43 61 77
22 44 73 105
22 45 120 160
22 46 15 21
22 47 20 27
22 51 136 161
22 53 47 68
22 54 105 148
22 58 31 32
23 24 153 157
23 25 28 38
23 27 52 54
23 31 15 19
23 34 18 23
23 36 105 128
23 37 153 173
23 38 30 40
23 41 127 149
23 42 5 6
23 43 64 85
23 44 53 78
23 47 103 127
23 48 112 133
23 49 5 5
23 51 182 243
23 53 78 104
23 54 83 113
23 55 128 161
23 57 99 127
23 58 92 111
24 25 178 184
24 26 50 66
24 31 150 213
24 32 121 161
24 33 135 150
24 34 140 195
24 36 61 87
24 39 62 73
24 40 77 110
24 41 73 98
24 43 114 167
24 44 103 149
24 50 175 245
24 51 58 70
24 53 86 125
24 54 172 184
24 56 172 214
24 57 146 210
24 58 86 107
25 26 201 212
25 27 71 74
25 28 58 58
25 29 59 84
25 30 156 227
25 31 41 41
25 34 37 46
25 37 177 254
25 39 140 155
25 40 150 150
25 42 32 46
25 45 31 45
25 46 151 162
25 52 89 121
25 53 106 157
25 54 102 143
25 55 154 163
25 57 123 159
25 58 120 120
26 27 202 239
26 28 218 295
26 29 165 220
26 30 150 164
26 31 181 228
26 32 161 197
26 33 163 200
26 35 142 189
26 36 76 99
26 37 41 50
26 38 151 215
26 40 127 158
26 41 123 169
26 43 155 219
26 44 138 193
26 47 127 131
26 48 116 172
26 49 182 209
26 51 10 12
26 53 127 155
26 54 215 231
26 56 211 293
26 57 193 247
26 58 132 136
27 28 24 27
27 31 38 54
27 32 42 48
27 33 58 86
27 34 67 85
27 35 87 128
27 36 132 165
27 37 167 206
27 38 68 79
27 39 108 110
27 40 107 142
27 41 114 137
27 43 50 68
27 45 50 55
27 46 114 120
27 47 92 106
27 48 104 122
27 51 205 287
27 52 30 37
27 53 77 113
27 55 132 152
27 57 56 74
27 58 81 119
28 29 53 70
28 30 127 128
28 31 39 45
28 32 62 71
28 34 66 95
28 37 184 258
28 38 73 90
28 39 129 140
28 40 130 137
28 43 71 98
28 47 114 164
28 49 51 67
28 52 53 61
28 54 48 56
28 55 152 212
28 57 79 114
28 58 103 105
29 30 96 103
29 31 20 27
29 33 23 28
29 34 34 36
29 35 75 85
29 37 132 195
29 40 91 91
29 41 97 101
29 42 27 37
29 43 33 35
29 44 27 31
29 45 28 36
29 46 94 115
29 50 48 55
29 51 167 236
29 53 49 49
29 58 61 83
30 31 115 150
30 32 72 78
30 33 116 119
30 34 127 179
30 36 114 153
30 37 109 152
30 38 115 149
30 40 24 25
30 41 26 36
30 42 124 151
30 43 63 89
30 45 124 180
30 46 36 45
30 47 33 35
30 48 38 45
30 49 132 139
30 50 142 202
30 51 158 182
30 52 73 75
30 53 59 71
30 54 94 95
30 56 110 120
30 57 58 59
30 58 41 61
31 32 42 59
31 33 22 30
31 34 29 38
31 36 107 118
31 39 104 144
31 42 14 15
31 43 52 74
31 49 20 27
31 50 27 30
31 51 183 261
31 53 70 73
31 54 68 99
31 55 122 172
31 56 43 53
31 58 82 103
32 33 47 68
32 34 58 83
32 36 94 118
32 37 125 184
32 39 67 100
32 41 76 92
32 42 51 64
32 43 9 12
32 44 28 41
32 45 52 69
32 46 75 110
32 49 60 61
32 51 164 193
32 53 35 36
32 54 56 69
32 57 51 69
33 34 11 15
33 35 94 124
33 37 135 154
33 40 107 151
33 42 13 14
33 43 54 62
33 44 37 42
33 45 17 22
33 49 20 26
33 52 61 79
33 53 63 77
33 54 87 100
33 57 96 103
34 35 105 150
34 36 89 121
34 39 106 150
34 41 123 171
34 42 15 20
34 43 65 66
34 44 46 52
34 48 106 126
34 50 40 52
34 53 72 97
34 54 96 115
34 56 72 86
34 58 88 102
35 36 97 109
35 37 101 114
35 40 20 29
35 42 102 151
35 43 43 52
35 45 103 149
35 47 15 20
35 48 26 27
35 49 111 134
35 50 122 157
35 51 148 202
35 52 57 67
35 53 37 49
35 54 84 99
35 56 95 102
35 57 53 69
36 37 56 70
36 39 71 89
36 41 93 121
36 42 100 127
36 43 91 127
36 47 82 84
36 50 128 151
36 51 76 111
36 53 67 68
36 54 151 165
36 55 56 76
36 58 80 95
37 38 124 161
37 39 69 90
37 40 85 94
37 41 82 108
37 42 148 159
37 43 118 143
37 46 73 82
37 47 86 86
37 48 75 93
37 49 155 223
37 51 48 71
37 52 142 194
37 54 177 200
37 56 176 214
37 58 92 94
38 39 91 113
38 40 104 128
38 42 25 33
38 43 56 56
38 46 103 103
38 48 92 137
38 49 31 36
38 52 67 73
38 54 96 131
38 58 75 83
39 40 21 29
39 41 22 22
39 42 108 151
39 43 57 82
39 44 60 80
39 47 18 22
39 48 6 8
39 49 116 137
39 50 132 153
39 51 116 125
39 52 79 89
39 54 112 138
39 56 116 148
39 58 26 31
40 41 6 8
40 42 117 117
40 47 18 21
40 48 15 15
40 51 134 183
40 53 45 48
40 54 105 116
40 55 47 55
40 56 115 123
40 57 73 73
40 58 29 40
41 42 123 145
41 44 76 91
41 45 124 148
41 47 24 33
41 51 131 170
41 52 84 90
41 53 50 55
41 55 45 63
41 57 79 85
41 58 35 44
42 43 60 61
42 44 48 49
42 45 4 4
42 48 107 111
42 49 8 8
42 50 27 38
42 51 177 199
42 52 62 75
42 53 73 99
42 54 83 101
42 57 97 111
42 58 87 112
43 44 29 31
43 48 55 70
43 50 79 82
43 52 24 34
43 53 28 29
43 54 60 64
43 55 82 93
43 56 59 77
43 57 48 58
44 45 50 58
44 50 73 105
44 51 140 170
44 52 49 68
44 55 75 107
44 58 43 45
45 46 121 134
45 47 100 114
45 48 109 109
45 49 8 11
45 50 24 35
45 51 181 237
45 54 81 111
46 47 22 23
46 52 85 90
46 54 115 115
46 55 35 38
46 56 122 179
46 58 33 42
47 48 13 13
47 50 120 131
47 51 133 138
47 52 62 78
47 58 11 12
48 49 116 143
48 50 130 153
48 51 122 167
48 52 75 102
48 53 34 44
48 54 107 145
48 55 36 43
48 57 78 81
48 58 22 24
49 50 22 31
49 53 82 117
49 54 88 111
49 55 130 131
49 56 61 90
49 57 104 110
49 58 96 117
50 51 204 292
50 52 72 94
50 56 51 63
50 58 109 138
51 52 183 247
51 53 131 176
51 57 198 262
51 58 137 180
52 53 52 54
52 54 36 45
52 57 35 45
52 58 53 55
53 54 88 92
53 56 86 110
53 57 70 89
54 55 140 174
54 57 37 53
55 56 141 152
55 57 114 125
56 57 60 84
57 58 60 70
