59
99
49
23
57
37
36
9
19
18
6
3
47
15
11
52
27
55
44
49
48
34
2
26
46
13
20
5
38
18
0
23
57
0 1 146 186
0 2 145 193
0 5 147 168
0 6 76 76
0 9 151 184
0 10 49 51
0 13 114 155
0 15 108 116
0 16 135 152
0 17 32 33
0 18 64 91
0 19 88 126
0 20 18 24
0 21 153 177
0 26 219 278
0 27 44 52
0 28 24 28
0 29 57 78
0 30 144 195
0 32 74 77
0 33 57 74
0 35 126 145
0 38 69 87
0 40 144 153
0 41 151 199
0 43 84 123
0 44 85 122
0 45 40 40
0 46 149 159
0 47 127 137
0 52 71 80
0 54 72 89
0 57 101 123
0 58 116 139
1 2 35 45
1 3 40 40
1 4 80 101
1 5 40 53
1 7 51 51
1 8 67 88
1 10 109 147
1 13 33 43
1 14 165 171
1 15 65 77
1 17 154 203
1 19 74 101
1 22 50 55
1 23 113 160
1 25 139 150
1 26 86 126
1 28 139 183
1 30 71 90
1 31 108 143
1 32 78 107
1 33 95 101
1 35 57 65
1 37 47 56
1 38 87 126
1 39 27 34
1 41 47 64
1 44 61 66
1 45 111 126
1 47 42 60
1 48 33 42
1 53 43 47
1 54 130 131
1 55 14 19
1 56 129 135
2 3 69 81
2 5 5 5
2 6 129 166
2 7 45 57
2 8 100 104
2 10 100 137
2 11 79 90
2 12 97 100
2 14 158 231
2 15 43 53
2 16 19 21
2 18 104 128
2 19 60 60
2 23 119 129
2 24 66 70
2 25 147 159
2 27 110 136
2 28 132 164
2 30 36 37
2 31 110 125
2 33 104 123
2 34 113 152
2 36 81 84
2 37 74 108
2 38 99 113
2 40 12 14
2 41 12 13
2 42 114 161
2 43 61 68
2 45 116 165
2 46 4 5
2 47 18 18
2 48 7 9
2 50 137 166
2 51 122 147
2 54 111 152
2 55 35 45
2 56 119 158
2 57 81 95
3 4 120 143
3 5 73 77
3 6 189 278
3 8 31 43
3 9 33 39
3 12 152 201
3 13 67 84
3 15 105 147
3 18 122 153
3 20 195 282
3 21 49 57
3 22 84 97
3 23 146 206
3 24 13 14
3 26 46 51
3 27 160 188
3 29 125 126
3 30 105 120
3 31 143 199
3 32 118 169
3 33 127 163
3 34 131 131
3 39 63 69
3 41 78 108
3 44 97 123
3 45 144 191
3 48 70 83
3 50 168 189
3 51 52 61
3 52 135 172
3 54 170 236
3 56 169 210
3 57 147 205
3 58 86 102
4 5 71 101
4 6 70 103
4 7 29 34
4 8 141 191
4 13 57 73
4 16 58 77
4 17 97 121
4 20 94 95
4 22 68 97
4 23 60 62
4 27 41 56
4 29 30 34
4 30 68 99
4 31 47 67
4 32 6 8
4 33 53 57
4 35 49 51
4 36 98 118
4 40 67 96
4 41 74 82
4 43 9 9
4 45 57 57
4 46 73 93
4 47 51 57
4 48 63 83
4 49 65 97
4 50 73 98
4 51 167 201
4 52 16 23
4 55 91 108
4 56 50 65
4 57 45 63
4 58 40 49
5 6 128 136
5 8 104 149
5 16 17 22
5 17 163 187
5 19 61 75
5 21 24 26
5 22 10 12
5 24 69 94
5 25 151 186
5 26 119 137
5 27 111 162
5 29 92 109
5 30 31 41
5 31 113 158
5 34 117 130
5 35 27 37
5 38 103 124
5 39 15 16
5 40 8 11
5 42 118 154
5 44 71 72
5 46 4 5
5 50 140 184
5 52 82 103
5 53 44 47
5 54 111 156
5 55 39 46
5 56 120 130
5 57 80 99
6 7 98 111
6 8 212 299
6 10 50 72
6 12 38 54
6 15 86 92
6 18 109 114
6 20 92 111
6 22 121 179
6 23 95 96
6 26 234 273
6 27 43 45
6 28 53 70
6 31 81 90
6 32 74 99
6 34 110 144
6 35 101 110
6 36 169 195
6 37 195 229
6 40 122 124
6 41 128 146
6 42 96 134
6 44 102 120
6 45 93 122
6 46 132 136
6 47 112 121
6 48 125 178
6 52 54 75
6 53 106 123
6 54 18 26
6 55 158 174
6 58 104 126
7 8 114 142
7 9 69 78
7 12 61 74
7 14 116 149
7 16 40 52
7 17 115 140
7 18 61 66
7 19 24 33
7 20 117 152
7 21 53 57
7 23 74 90
7 24 94 103
7 26 135 186
7 27 70 78
7 28 90 108
7 29 44 53
7 30 57 81
7 32 27 33
7 33 60 85
7 36 74 78
7 37 98 120
7 39 39 58
7 40 47 59
7 41 53 57
7 43 20 23
7 45 71 102
7 46 49 61
7 48 38 38
7 54 80 112
7 57 62 89
7 58 17 23
8 9 45 62
8 10 168 240
8 11 164 178
8 18 132 156
8 19 138 204
8 21 79 93
8 22 114 151
8 26 25 33
8 28 194 255
8 31 157 170
8 34 140 185
8 35 124 183
8 36 51 73
8 38 126 175
8 39 93 133
8 40 111 147
8 41 109 144
8 42 151 165
8 43 133 185
8 44 114 138
8 46 99 120
8 47 109 145
8 51 26 30
8 53 105 157
8 54 194 249
8 55 64 78
8 56 188 209
8 57 173 178
9 10 123 166
9 11 120 128
9 12 129 180
9 13 39 48
9 14 174 178
9 16 82 114
9 18 90 132
9 19 94 136
9 20 163 240
9 22 81 120
9 23 114 135
9 26 69 74
9 27 133 168
9 31 113 165
9 32 93 117
9 35 86 109
9 38 84 102
9 41 78 99
9 42 108 151
9 44 69 89
9 45 112 141
9 46 68 84
9 48 63 82
9 49 115 157
9 50 136 146
9 51 71 96
9 52 112 162
9 54 149 215
9 55 38 42
9 58 71 104
10 11 35 44
10 12 18 22
10 17 76 98
10 18 59 63
10 21 112 165
10 22 98 138
10 25 71 79
10 26 191 286
10 28 32 40
10 30 95 121
10 32 31 44
10 34 60 75
10 38 60 83
10 39 97 119
10 40 97 102
10 42 48 55
10 43 39 42
10 50 51 57
10 51 194 242
10 53 66 76
10 54 36 48
10 55 122 124
10 56 20 25
10 57 52 58
11 12 21 29
11 15 36 37
11 16 63 63
11 17 111 144
11 20 102 144
11 24 140 159
11 25 105 134
11 26 185 199
11 31 65 68
11 33 77 109
11 34 87 96
11 35 52 76
11 37 146 155
11 38 82 97
11 40 73 85
11 41 80 101
11 43 33 46
11 48 75 109
11 49 85 87
11 50 86 106
11 51 190 226
11 52 16 23
11 54 32 39
11 56 45 61
11 57 19 22
12 13 90 115
12 14 65 85
12 17 93 136
12 18 75 77
12 19 38 43
12 23 66 75
12 27 19 22
12 30 85 102
12 31 51 65
12 34 78 80
12 35 72 74
12 36 130 150
12 37 159 237
12 41 99 127
12 43 41 60
12 44 64 91
12 45 64 87
12 47 79 87
12 49 71 89
12 52 17 20
12 53 69 101
12 54 20 28
12 55 123 180
12 56 24 30
12 57 36 44
12 58 69 77
13 14 136 166
13 16 59 83
13 19 56 70
13 21 48 51
13 22 64 94
13 23 80 99
13 24 73 75
13 25 106 144
13 27 94 120
13 28 110 150
13 29 57 81
13 31 76 85
13 33 62 76
13 36 42 43
13 37 74 92
13 38 53 61
13 40 61 65
13 41 64 67
13 43 49 61
13 45 78 106
13 50 102 135
13 51 111 154
13 52 73 75
13 53 25 36
13 54 110 134
13 55 48 55
13 56 103 129
13 57 95 142
14 15 117 125
14 19 98 137
14 20 35 45
14 21 170 223
14 22 156 229
14 25 66 68
14 26 243 348
14 27 48 53
14 29 78 84
14 30 151 203
14 32 88 131
14 34 86 98
14 36 169 224
14 37 210 308
14 41 162 222
14 42 71 103
14 43 97 102
14 44 105 126
14 46 162 224
14 47 140 180
14 50 48 53
14 55 178 249
14 57 99 99
14 58 129 134
15 16 28 34
15 18 82 86
15 21 60 89
15 26 151 154
15 27 69 79
15 28 92 133
15 34 90 121
15 35 18 18
15 37 111 148
15 38 80 92
15 39 44 46
15 43 26 26
15 44 49 56
15 45 87 126
15 46 47 56
15 48 39 43
15 49 95 101
15 50 104 116
15 51 157 189
15 53 31 37
15 55 73 80
15 56 76 107
15 57 41 44
15 58 19 21
16 17 154 156
16 18 102 126
16 19 47 53
16 21 39 49
16 23 114 156
16 26 134 157
16 27 97 119
16 28 120 142
16 30 20 24
16 31 103 128
16 32 61 68
16 34 111 142
16 36 94 94
16 38 98 130
16 39 25 29
16 40 10 10
16 41 16 19
16 44 66 81
16 45 111 146
16 46 21 22
16 47 14 15
16 49 118 130
16 50 130 158
16 51 141 194
16 58 23 26
17 18 62 75
17 19 109 125
17 20 23 30
17 22 163 185
17 23 41 49
17 24 193 243
17 27 74 91
17 28 56 57
17 30 166 227
17 32 93 136
17 34 53 71
17 36 141 154
17 37 192 260
17 38 67 89
17 39 154 189
17 41 168 194
17 43 103 107
17 44 94 130
17 46 164 241
17 47 144 211
17 50 24 28
17 51 217 275
17 52 96 100
17 53 119 136
17 56 74 103
17 57 129 141
17 58 132 138
18 19 67 83
18 21 105 126
18 22 110 147
18 23 25 25
18 27 66 73
18 28 69 78
18 30 118 168
18 32 51 73
18 34 9 11
18 35 96 111
18 36 80 98
18 37 130 180
18 38 5 6
18 39 96 109
18 40 108 128
18 41 113 123
18 42 20 28
18 47 89 112
18 50 47 56
18 51 157 165
18 53 63 89
18 56 73 75
18 57 101 104
19 20 106 147
19 24 117 117
19 25 99 108
19 30 57 78
19 31 58 75
19 32 16 19
19 33 63 87
19 36 98 144
19 37 121 137
19 38 65 81
19 39 58 68
19 40 57 68
19 41 63 63
19 42 68 101
19 43 9 10
19 44 38 39
19 45 68 78
19 46 64 76
19 47 41 58
19 52 21 27
19 53 32 34
19 54 55 55
19 55 85 113
19 58 31 33
20 21 169 185
20 22 163 169
20 23 49 71
20 24 202 226
20 25 35 38
20 26 231 336
20 27 63 68
20 28 41 53
20 29 73 74
20 30 162 174
20 31 52 73
20 32 91 134
20 33 67 81
20 34 66 97
20 35 144 160
20 36 154 201
20 37 202 244
20 42 54 69
20 43 101 147
20 44 99 104
20 46 166 225
20 47 144 146
20 48 155 159
20 50 26 35
20 51 231 319
20 52 90 93
20 54 89 112
20 58 133 152
21 22 34 48
21 23 124 141
21 24 46 51
21 25 151 183
21 28 143 201
21 29 96 120
21 31 117 118
21 32 81 83
21 33 107 132
21 35 47 47
21 36 66 78
21 37 54 75
21 38 100 148
21 39 16 23
21 40 32 41
21 43 72 95
21 45 121 144
21 46 19 25
21 52 95 118
21 53 47 69
21 56 131 185
21 57 100 132
22 23 123 137
22 26 129 130
22 27 108 120
22 29 92 111
22 34 119 176
22 35 20 23
22 36 95 120
22 37 88 114
22 38 106 135
22 39 24 34
22 42 119 140
22 44 73 92
22 45 120 147
22 46 15 18
22 47 20 23
22 49 127 155
22 51 136 161
22 52 77 91
22 53 47 47
22 55 50 59
22 56 115 144
22 57 72 85
23 24 153 223
23 25 28 38
23 27 52 70
23 29 31 44
23 31 15 15
23 32 55 67
23 34 18 25
23 35 106 152
23 36 105 149
23 40 121 177
23 41 127 144
23 42 5 7
23 47 103 114
23 50 22 29
23 51 182 249
23 52 64 68
23 53 78 97
23 54 83 116
23 55 128 161
23 56 56 59
23 57 99 148
23 58 92 119
24 25 178 240
24 27 163 177
24 28 182 214
24 29 131 158
24 30 100 122
24 31 150 210
24 32 121 121
24 38 125 170
24 39 62 65
24 41 73 80
24 44 103 125
24 47 80 90
24 49 156 208
24 55 32 32
25 26 201 266
25 27 71 76
25 32 83 102
25 34 37 39
25 37 177 241
25 38 52 74
25 42 32 37
25 43 92 127
25 44 80 88
25 45 31 35
25 46 151 202
25 47 131 195
25 50 21 28
25 54 102 131
25 56 73 87
25 57 123 135
25 58 120 176
26 27 202 244
26 29 165 181
26 30 150 213
26 32 161 167
26 33 163 220
26 35 142 198
26 38 151 153
26 40 127 187
26 41 123 175
26 42 176 238
26 43 155 170
26 44 138 181
26 48 116 116
26 49 182 229
26 50 204 223
26 51 10 14
26 53 127 186
26 55 80 107
26 58 132 185
27 28 24 25
27 29 41 45
27 30 103 150
27 32 42 50
27 34 67 74
27 38 68 76
27 39 108 148
27 41 114 159
27 42 53 56
27 43 50 60
27 44 65 94
27 49 56 59
27 51 205 284
27 52 30 34
27 54 31 34
27 55 132 149
27 58 81 89
28 29 53 57
28 30 127 171
28 34 66 82
28 35 111 149
28 36 144 184
28 37 184 269
28 38 73 86
28 41 137 188
28 44 80 107
28 46 136 197
28 48 126 135
28 49 51 75
28 50 37 49
28 54 48 54
28 58 103 120
29 30 96 114
29 31 20 27
29 34 34 35
29 35 75 83
29 37 132 142
29 39 84 93
29 40 91 118
29 41 97 105
29 42 27 39
29 43 33 37
29 47 73 80
29 48 82 98
29 49 35 46
29 50 48 71
29 51 167 172
29 54 67 99
29 56 49 72
30 31 115 171
30 34 127 144
30 36 114 117
30 37 109 142
30 38 115 170
30 39 44 48
30 43 63 65
30 44 83 100
30 45 124 162
30 46 36 50
30 48 38 44
30 54 94 102
30 57 58 79
30 58 41 42
31 32 42 43
31 33 22 30
31 34 29 41
31 37 151 191
31 38 34 35
31 39 104 129
31 40 111 112
31 41 117 131
31 42 14 15
31 45 12 13
31 46 114 121
31 49 20 20
31 50 27 39
31 51 183 229
31 52 49 69
31 54 68 79
31 55 122 182
31 58 82 109
32 33 47 51
32 34 58 81
32 36 94 140
32 37 125 159
32 38 50 55
32 40 70 100
32 41 76 79
32 42 51 63
32 43 9 11
32 44 28 35
32 45 52 73
32 47 53 55
32 48 64 87
32 49 60 60
32 50 69 73
32 51 164 170
32 54 56 74
32 55 90 99
32 58 41 44
33 34 11 13
33 39 97 100
33 41 113 138
33 42 13 14
33 43 54 65
33 44 37 45
33 47 89 106
33 48 97 125
33 49 20 23
33 50 41 55
33 54 87 96
33 55 110 163
33 56 65 79
33 57 96 132
33 58 78 91
34 35 105 146
34 36 89 129
34 37 139 166
34 39 106 125
34 40 117 146
34 42 15 19
34 43 65 81
34 46 117 168
34 47 99 111
34 49 18 19
34 50 40 49
34 51 165 207
34 53 72 74
34 55 117 159
34 58 88 131
35 36 97 106
35 37 101 148
35 38 93 123
35 40 20 27
35 41 27 38
35 42 102 110
35 43 43 46
35 46 31 40
35 47 15 18
35 49 111 139
35 51 148 170
35 55 62 82
36 37 56 72
36 38 75 79
36 44 67 80
36 47 82 95
36 48 77 87
36 49 106 144
36 50 128 181
36 51 76 96
36 52 114 151
36 53 67 70
36 54 151 162
36 55 56 77
36 57 137 139
36 58 80 86
37 38 124 173
37 42 148 151
37 43 118 127
37 44 104 140
37 45 151 208
37 46 73 84
37 49 155 191
37 50 175 206
37 53 90 111
37 54 177 235
38 39 91 101
38 40 104 118
38 42 25 27
38 43 56 79
38 44 32 44
38 50 52 54
38 51 152 186
38 52 67 97
38 53 59 69
38 55 102 115
38 57 101 124
38 58 75 110
39 40 21 27
39 41 22 24
39 45 110 113
39 49 116 127
39 50 132 159
39 51 116 141
39 53 34 50
39 55 30 31
40 41 6 8
40 42 117 162
40 43 60 74
40 44 71 105
40 46 12 13
40 47 18 23
40 49 125 139
40 51 134 146
40 53 45 60
40 56 115 133
40 58 29 30
41 42 123 142
41 43 66 73
41 49 131 154
41 51 131 180
41 52 84 122
41 53 50 68
41 55 45 48
41 56 122 164
41 58 35 48
42 43 60 74
42 45 4 5
42 46 119 174
42 48 107 128
42 49 8 9
42 50 27 39
42 52 62 83
42 54 83 83
42 57 97 126
42 58 87 128
43 44 29 40
43 46 65 71
43 47 43 45
43 49 69 80
43 51 159 229
43 52 24 30
43 54 60 73
43 56 59 75
43 57 48 71
43 58 32 43
44 45 50 54
44 48 60 72
44 53 26 26
44 54 84 100
44 57 77 113
45 46 121 164
45 47 100 110
45 51 181 249
45 52 61 84
45 54 81 112
45 55 125 125
45 56 55 74
45 57 96 119
46 47 22 23
46 48 11 16
46 49 127 148
46 50 142 147
46 51 121 140
46 52 85 98
46 53 45 45
46 54 115 135
46 55 35 42
46 56 122 159
46 58 33 43
47 48 13 14
47 50 120 152
47 51 133 143
47 52 62 91
47 54 94 96
47 55 48 62
47 56 100 136
47 57 65 66
47 58 11 13
48 49 116 131
48 50 130 187
48 52 75 87
48 53 34 35
48 54 107 142
48 55 36 49
48 56 113 164
48 57 78 112
48 58 22 32
49 50 22 27
49 52 69 82
49 53 82 86
49 55 130 168
49 57 104 151
49 58 96 99
50 51 204 263
50 54 81 87
50 55 149 174
50 56 51 75
50 57 104 139
50 58 109 150
51 52 183 234
51 53 131 189
51 55 86 114
52 53 52 67
52 54 36 38
52 56 38 51
52 57 35 39
53 54 88 109
53 56 86 114
53 57 70 94
53 58 18 21
54 55 140 164
54 56 30 44
54 57 37 42
54 58 86 106
55 56 141 177
55 57 114 115
55 58 54 73
56 57 60 86
56 58 90 131
57 58 60 84
