59
60
80
23
30
22
51
31
52
12
8
6
44
19
26
45
7
14
25
41
47
46
38
1
0
42
24
5
34
44
1
28
12
0 1 146 184
0 3 181 254
0 4 77 90
0 5 147 179
0 6 76 76
0 7 100 125
0 9 151 173
0 10 49 63
0 12 64 67
0 13 114 138
0 14 29 43
0 15 108 121
0 16 135 147
0 18 64 88
0 19 88 102
0 20 18 26
0 22 145 214
0 23 39 57
0 25 37 50
0 26 219 306
0 27 44 62
0 29 57 78
0 31 38 42
0 34 58 75
0 35 126 151
0 36 144 161
0 37 189 224
0 38 69 95
0 39 140 144
0 40 144 173
0 41 151 182
0 43 84 92
0 44 85 97
0 45 40 50
0 46 149 197
0 47 127 131
0 49 40 50
0 50 19 26
0 52 71 105
0 54 72 103
0 55 160 192
0 56 42 54
0 57 101 115
0 58 116 126
1 2 35 42
1 5 40 57
1 6 148 212
1 8 67 69
1 9 30 31
1 10 109 130
1 11 99 145
1 12 112 113
1 14 165 183
1 15 65 96
1 17 154 221
1 18 92 130
1 19 74 76
1 21 20 29
1 22 50 60
1 23 113 157
1 24 43 50
1 25 139 208
1 26 86 107
1 29 88 126
1 31 108 143
1 32 78 114
1 33 95 114
1 36 46 67
1 37 47 67
1 38 87 127
1 39 27 28
1 40 47 65
1 42 108 132
1 43 71 86
1 44 61 78
1 48 33 41
1 50 134 153
1 51 91 93
1 52 95 104
1 53 43 59
1 54 130 130
1 55 14 19
1 58 45 57
2 3 69 77
2 4 69 83
2 7 45 56
2 8 100 102
2 9 66 87
2 11 79 110
2 14 158 195
2 15 43 58
2 18 104 113
2 19 60 64
2 21 20 27
2 22 15 18
2 23 119 120
2 24 66 92
2 25 147 212
2 27 110 112
2 28 132 149
2 29 89 125
2 30 36 42
2 34 113 151
2 35 28 36
2 36 81 114
2 37 74 77
2 38 99 139
2 39 10 11
2 40 12 12
2 42 114 161
2 49 123 181
2 50 137 192
2 52 81 116
2 54 111 131
2 55 35 49
2 57 81 83
2 58 29 41
3 4 120 165
3 5 73 76
3 7 91 120
3 8 31 37
3 9 33 48
3 10 149 158
3 11 140 151
3 12 152 219
3 13 67 94
3 14 203 222
3 15 105 134
3 16 88 104
3 19 115 171
3 21 49 66
3 22 84 105
3 24 13 14
3 25 169 195
3 27 160 224
3 29 125 183
3 33 127 172
3 35 96 120
3 36 49 53
3 38 117 149
3 40 81 104
3 42 140 208
3 44 97 101
3 46 69 72
3 47 81 116
3 48 70 85
3 50 168 206
3 51 52 59
3 53 83 98
3 54 170 230
3 56 169 233
3 57 147 212
3 58 86 101
4 5 71 75
4 7 29 39
4 8 141 146
4 9 96 107
4 11 27 35
4 13 57 57
4 14 89 89
4 16 58 71
4 17 97 128
4 18 57 81
4 19 11 14
4 21 81 99
4 22 68 69
4 25 88 126
4 27 41 49
4 28 63 67
4 30 68 89
4 31 47 58
4 32 6 8
4 33 53 53
4 34 64 90
4 35 49 59
4 37 127 141
4 38 56 59
4 39 66 79
4 41 74 79
4 43 9 12
4 46 73 87
4 47 51 58
4 48 63 83
4 49 65 65
4 50 73 109
4 54 52 71
4 56 50 70
4 57 45 59
5 6 128 184
5 8 104 121
5 9 71 76
5 15 43 49
5 18 107 117
5 19 61 69
5 21 24 32
5 22 10 13
5 24 69 71
5 28 134 144
5 32 73 105
5 33 108 139
5 34 117 140
5 37 77 108
5 38 103 124
5 39 15 17
5 42 118 140
5 43 63 93
5 44 71 80
5 46 4 4
5 47 20 25
5 48 11 11
5 49 126 163
5 50 140 173
5 53 44 51
5 54 111 146
5 57 80 85
5 58 31 40
6 7 98 146
6 9 167 220
6 10 50 60
6 11 50 71
6 14 61 74
6 15 86 115
6 18 109 137
6 20 92 99
6 23 95 109
6 25 110 136
6 27 43 47
6 28 53 55
6 30 109 110
6 31 81 91
6 32 74 74
6 36 169 208
6 39 130 134
6 42 96 134
6 46 132 141
6 49 99 146
6 52 54 55
6 53 106 156
6 54 18 21
6 55 158 224
6 56 38 42
7 8 114 123
7 10 59 72
7 11 50 54
7 12 61 87
7 13 32 34
7 15 26 32
7 16 40 40
7 17 115 151
7 19 24 29
7 20 117 135
7 23 74 92
7 24 94 110
7 28 90 93
7 30 57 68
7 33 60 86
7 34 70 79
7 35 35 36
7 36 74 108
7 39 39 42
7 40 47 61
7 42 70 77
7 44 25 30
7 47 28 35
7 48 38 38
7 49 78 80
7 50 92 111
7 53 8 8
7 55 62 78
7 57 62 77
7 58 17 25
8 9 45 65
8 10 168 191
8 11 164 195
8 12 174 237
8 14 219 309
8 15 132 153
8 16 118 120
8 20 206 259
8 21 79 113
8 22 114 156
8 24 41 49
8 26 25 26
8 27 179 231
8 28 194 206
8 29 141 160
8 30 135 145
8 32 138 171
8 33 138 170
8 36 51 70
8 37 31 37
8 38 126 185
8 39 93 123
8 40 111 114
8 41 109 161
8 44 114 117
8 45 155 164
8 46 99 124
8 51 26 34
8 52 157 232
8 54 194 234
9 10 123 173
9 11 120 139
9 12 129 141
9 13 39 43
9 15 90 130
9 18 90 123
9 19 94 126
9 20 163 225
9 22 81 85
9 23 114 140
9 24 44 44
9 25 136 173
9 29 96 96
9 35 86 110
9 36 18 21
9 37 41 57
9 39 57 61
9 40 78 104
9 41 78 80
9 42 108 136
9 43 88 105
9 44 69 103
9 45 112 165
9 47 70 90
9 48 63 74
9 49 115 164
9 50 136 138
9 51 71 99
9 52 112 118
9 54 149 186
9 56 142 201
10 11 35 48
10 12 18 25
10 13 83 98
10 14 58 74
10 15 60 89
10 16 88 95
10 17 76 91
10 18 59 79
10 19 40 59
10 20 68 95
10 21 112 156
10 22 98 116
10 23 48 66
10 25 71 88
10 28 32 45
10 29 32 44
10 30 95 131
10 32 31 34
10 33 51 68
10 34 60 84
10 36 121 132
10 38 60 78
10 39 97 121
10 40 97 137
10 41 104 115
10 42 48 62
10 49 53 61
10 51 194 264
10 52 22 25
10 53 66 72
10 55 122 162
10 56 20 28
10 57 52 55
11 12 21 22
11 13 82 108
11 15 36 38
11 16 63 68
11 18 82 109
11 22 73 80
11 23 80 81
11 25 105 128
11 26 185 228
11 27 40 44
11 28 64 74
11 29 53 74
11 31 65 79
11 32 33 35
11 34 87 112
11 35 52 54
11 36 124 142
11 40 73 94
11 41 80 117
11 42 78 105
11 43 33 36
11 44 61 82
11 45 77 92
11 46 83 90
11 47 62 73
11 49 85 117
11 50 86 120
11 51 190 209
11 55 108 156
11 56 45 56
11 57 19 26
11 58 54 72
12 13 90 117
12 14 65 79
12 16 82 115
12 17 93 121
12 18 75 100
12 20 82 87
12 21 111 119
12 22 92 116
12 23 66 75
12 24 155 213
12 25 89 89
12 26 196 211
12 27 19 27
12 28 43 57
12 29 47 50
12 33 68 84
12 34 78 112
12 35 72 95
12 36 130 146
12 37 159 226
12 39 96 128
12 40 92 106
12 41 99 99
12 42 66 95
12 43 41 42
12 44 64 89
12 45 64 92
12 46 100 120
12 47 79 82
12 49 71 77
12 50 69 93
12 52 17 20
12 54 20 29
12 56 24 35
12 57 36 45
13 14 136 146
13 15 57 71
13 20 128 144
13 21 48 68
13 22 64 64
13 23 80 91
13 24 73 91
13 25 106 144
13 27 94 125
13 28 110 137
13 29 57 75
13 30 79 86
13 31 76 104
13 36 42 56
13 38 53 74
13 40 61 61
13 41 64 94
13 43 49 54
13 44 30 32
13 45 78 89
13 46 56 73
13 47 45 65
13 52 73 90
13 53 25 35
13 54 110 131
13 55 48 50
13 56 103 150
14 15 117 132
14 16 146 192
14 17 58 84
14 21 170 200
14 22 156 179
14 23 67 96
14 24 208 225
14 25 66 75
14 27 48 67
14 29 78 86
14 31 62 72
14 32 88 100
14 33 83 97
14 34 86 120
14 36 169 241
14 38 95 131
14 42 71 103
14 43 97 132
14 45 67 72
14 48 152 222
14 50 48 64
14 51 245 267
14 53 123 171
14 54 64 65
14 55 178 243
14 57 99 109
15 16 28 32
15 17 128 159
15 19 19 22
15 21 60 86
15 24 105 147
15 26 151 191
15 27 69 96
15 28 92 133
15 29 59 72
15 30 37 46
15 31 77 86
15 33 80 89
15 35 18 24
15 36 98 126
15 37 111 120
15 38 80 107
15 39 44 64
15 41 45 59
15 42 86 125
15 43 26 34
15 45 87 125
15 46 47 48
15 47 26 38
15 52 38 49
15 53 31 41
15 54 68 82
15 56 76 80
15 58 19 23
16 17 154 223
16 19 47 56
16 20 153 166
16 21 39 58
16 22 10 13
16 24 85 117
16 25 142 188
16 27 97 106
16 29 83 100
16 30 20 24
16 34 111 155
16 35 10 14
16 36 94 116
16 37 93 136
16 38 98 107
16 39 25 28
16 41 16 21
16 45 111 165
16 46 21 30
16 47 14 14
16 48 19 28
16 49 118 149
16 50 130 142
16 52 67 84
16 54 95 126
16 55 54 64
16 57 63 71
17 18 62 87
17 19 109 160
17 23 41 48
17 25 16 22
17 29 71 79
17 34 53 53
17 35 146 205
17 37 192 276
17 39 154 229
17 40 162 177
17 41 168 206
17 42 46 57
17 43 103 103
17 45 43 49
17 48 153 197
17 49 38 43
17 53 119 171
17 54 104 108
17 56 74 99
18 19 67 69
18 21 105 129
18 22 110 121
18 24 131 158
18 25 47 56
18 26 157 183
18 28 69 92
18 30 118 126
18 31 30 30
18 33 8 10
18 37 130 153
18 38 5 6
18 41 113 160
18 42 20 28
18 44 36 46
18 45 24 33
18 47 89 110
18 50 47 61
18 52 67 98
18 53 63 87
18 56 73 85
19 20 106 152
19 21 73 97
19 22 58 75
19 24 117 136
19 25 99 108
19 26 160 195
19 27 50 74
19 28 73 94
19 29 41 42
19 30 57 80
19 36 98 100
19 37 121 130
19 42 68 96
19 43 9 10
19 44 38 39
19 45 68 93
19 46 64 90
19 47 41 60
19 49 76 99
19 51 164 229
19 54 55 60
19 55 85 118
20 21 169 189
20 23 49 72
20 24 202 283
20 26 231 262
20 27 63 92
20 28 41 47
20 30 162 173
20 31 52 57
20 32 91 96
20 33 67 69
20 34 66 84
20 35 144 176
20 38 79 112
20 39 157 175
20 42 54 75
20 45 50 58
20 46 166 194
20 48 155 192
20 50 26 36
20 51 231 280
20 52 90 126
20 53 122 152
20 58 133 158
21 22 34 38
21 23 124 159
21 24 46 65
21 25 151 171
21 26 95 135
21 27 123 154
21 28 143 172
21 30 55 72
21 34 115 135
21 36 66 85
21 37 54 58
21 39 16 19
21 40 32 44
21 42 119 162
21 44 71 99
21 46 19 21
21 47 34 36
21 48 21 27
21 50 144 200
21 51 102 103
21 52 95 131
21 53 47 57
21 54 128 148
21 55 15 18
21 56 131 188
21 57 100 112
21 58 42 44
22 23 123 154
22 24 79 84
22 25 151 170
22 26 129 184
22 27 108 146
22 30 21 29
22 31 112 136
22 35 20 20
22 36 95 142
22 37 88 91
22 38 106 133
22 39 24 26
22 40 3 4
22 41 7 8
22 42 119 128
22 43 61 68
22 44 73 89
22 45 120 125
22 52 77 87
22 53 47 50
22 54 105 156
22 58 31 44
23 24 153 205
23 25 28 35
23 26 181 215
23 27 52 73
23 28 48 67
23 30 127 166
23 31 15 18
23 32 55 59
23 33 18 24
23 34 18 22
23 35 106 141
23 36 105 121
23 39 113 148
23 40 121 177
23 42 5 5
23 43 64 67
23 44 53 73
23 46 123 139
23 47 103 118
23 48 112 160
23 49 5 6
23 50 22 31
23 51 182 218
23 52 64 90
23 54 83 117
23 56 56 70
23 58 92 117
24 25 178 243
24 26 50 62
24 27 163 175
24 30 100 143
24 32 121 137
24 34 140 157
24 39 62 75
24 40 77 101
24 42 148 196
24 43 114 139
24 44 103 140
24 45 151 159
24 46 64 83
24 48 68 87
24 49 156 186
24 50 175 228
24 51 58 81
24 53 86 99
24 54 172 172
24 55 32 39
24 56 172 221
24 58 86 114
25 26 201 247
25 27 71 85
25 29 59 82
25 30 156 223
25 35 135 171
25 36 125 164
25 37 177 194
25 39 140 148
25 41 156 222
25 42 32 43
25 45 31 44
25 46 151 171
25 49 24 26
25 50 21 22
25 51 201 234
25 52 89 120
25 53 106 140
25 54 102 115
25 58 120 150
26 27 202 246
26 33 163 167
26 34 165 210
26 37 41 60
26 40 127 183
26 45 180 261
26 46 114 145
26 49 182 248
26 52 179 189
26 55 80 94
26 56 211 248
27 28 24 31
27 29 41 59
27 30 103 138
27 31 38 41
27 32 42 54
27 33 58 67
27 34 67 79
27 35 87 114
27 36 132 196
27 37 167 176
27 38 68 90
27 39 108 148
27 41 114 144
27 43 50 62
27 44 65 73
27 48 104 129
27 50 51 67
27 53 77 98
27 54 31 33
27 55 132 182
27 56 9 9
27 57 56 61
27 58 81 100
28 29 53 60
28 30 127 151
28 31 39 52
28 33 61 63
28 38 73 76
28 39 129 156
28 41 137 200
28 42 51 72
28 45 47 65
28 47 114 149
28 50 37 46
28 51 220 301
28 52 53 64
28 53 97 101
28 57 79 85
28 58 103 150
29 30 96 96
29 31 20 24
29 32 24 30
29 33 23 29
29 34 34 48
29 35 75 79
29 36 92 100
29 38 29 31
29 41 97 130
29 44 27 37
29 45 28 28
29 46 94 105
29 48 82 101
29 51 167 186
29 54 67 82
29 55 102 111
29 56 49 50
29 57 72 87
29 58 61 75
30 31 115 158
30 33 116 117
30 34 127 131
30 35 22 23
30 36 114 127
30 37 109 112
30 39 44 53
30 40 24 25
30 41 26 35
30 44 83 103
30 45 124 154
30 46 36 38
30 47 33 47
30 48 38 38
30 49 132 186
30 51 158 202
30 52 73 83
30 53 59 62
30 54 94 117
30 56 110 154
30 57 58 70
30 58 41 52
31 32 42 52
31 33 22 25
31 34 29 32
31 37 151 163
31 38 34 38
31 41 117 117
31 42 14 17
31 43 52 52
31 44 47 64
31 46 114 163
31 47 93 94
31 48 103 105
31 49 20 26
31 50 27 33
31 52 49 63
31 53 70 87
31 54 68 77
31 55 122 176
31 58 82 118
32 33 47 69
32 34 58 69
32 35 52 67
32 38 50 52
32 40 70 102
32 43 9 11
32 44 28 35
32 45 52 64
32 46 75 89
32 47 53 79
32 48 64 66
32 49 60 86
32 52 20 25
32 53 35 43
32 54 56 76
32 55 90 105
32 57 51 70
33 34 11 15
33 35 94 98
33 36 87 113
33 37 135 144
33 38 12 14
33 40 107 110
33 42 13 19
33 44 37 41
33 45 17 18
33 46 108 159
33 47 89 125
33 48 97 137
33 52 61 76
33 54 87 87
33 58 78 91
34 35 105 115
34 36 89 122
34 37 139 192
34 38 15 20
34 39 106 131
34 41 123 153
34 42 15 16
34 44 46 47
34 45 19 25
34 47 99 114
34 48 106 151
34 49 18 24
34 50 40 51
34 51 165 168
34 53 72 79
34 54 96 103
34 55 117 139
35 36 97 120
35 37 101 110
35 38 93 131
35 39 32 42
35 41 27 36
35 42 102 127
35 43 43 47
35 46 31 41
35 48 26 27
35 50 122 129
35 53 37 54
35 55 62 72
35 56 95 100
35 57 53 74
36 37 56 65
36 39 71 81
36 41 93 97
36 45 104 109
36 46 83 108
36 47 82 85
36 49 106 154
36 50 128 182
36 51 76 96
36 54 151 179
36 55 56 80
36 56 141 162
36 57 137 144
36 58 80 109
37 38 124 166
37 39 69 75
37 41 82 92
37 44 104 147
37 45 151 217
37 46 73 95
37 47 86 123
37 49 155 216
37 50 175 219
37 52 142 176
37 53 90 105
37 54 177 209
37 55 39 40
37 56 176 246
37 57 152 172
38 39 91 97
38 40 104 115
38 42 25 35
38 44 32 40
38 45 29 39
38 46 103 150
38 49 31 39
38 51 152 166
38 52 67 70
38 53 59 83
38 54 96 113
38 55 102 148
38 56 76 97
38 57 101 142
38 58 75 109
39 40 21 23
39 41 22 30
39 42 108 146
39 43 57 75
39 46 13 15
39 47 18 20
39 48 6 6
39 50 132 192
39 56 116 135
39 57 84 108
39 58 26 27
40 41 6 7
40 43 60 77
40 44 71 106
40 45 118 176
40 46 12 13
40 50 138 203
40 51 134 155
40 52 77 108
40 53 45 57
40 54 105 124
40 55 47 52
41 42 123 161
41 43 66 97
41 45 124 143
41 46 10 11
41 48 18 22
41 49 131 156
41 50 145 149
41 51 131 159
41 52 84 107
41 53 50 68
41 54 111 149
41 55 45 60
41 56 122 176
41 58 35 44
42 43 60 87
42 44 48 68
42 46 119 175
42 47 99 117
42 49 8 11
42 52 62 64
42 54 83 97
42 55 122 180
42 56 58 86
42 57 97 118
42 58 87 107
43 44 29 33
43 45 61 61
43 46 65 83
43 47 43 55
43 49 69 93
43 50 79 101
43 52 24 29
43 53 28 39
43 55 82 109
43 56 59 61
43 57 48 48
43 58 32 40
44 45 50 71
44 46 71 88
44 47 53 59
44 48 60 64
44 49 56 74
44 51 140 206
44 54 84 114
44 56 74 105
45 46 121 155
45 47 100 101
45 48 109 112
45 50 24 34
45 52 61 74
45 55 125 134
45 56 55 78
45 57 96 113
45 58 89 121
46 47 22 29
46 49 127 151
46 50 142 147
46 52 85 112
46 53 45 46
46 55 35 51
46 56 122 143
46 57 84 113
46 58 33 37
47 48 13 14
47 49 107 128
47 50 120 125
47 51 133 149
47 54 94 130
47 55 48 60
47 57 65 87
48 49 116 138
48 50 130 142
48 56 113 118
49 50 22 30
49 52 69 70
49 53 82 101
49 54 88 117
49 55 130 189
49 56 61 68
49 58 96 122
50 51 204 293
50 52 72 93
50 54 81 95
50 56 51 52
50 58 109 160
51 52 183 250
51 54 219 264
51 55 86 127
51 56 214 314
51 57 198 257
51 58 137 163
52 53 52 62
52 54 36 39
52 56 38 56
52 57 35 35
52 58 53 64
53 54 88 105
53 55 55 60
53 56 86 115
53 57 70 100
53 58 18 23
54 55 140 140
54 56 30 33
54 57 37 48
54 58 86 99
55 56 141 201
55 57 114 126
56 57 60 82
57 58 60 68
