59
98
80
23
15
31
50
45
1
10
39
27
20
49
9
44
33
47
37
21
43
46
28
56
53
8
19
47
28
57
35
19
1
6
54
49
9
25
13
31
58
50
56
12
0
36
24
43
55
44
7
17
45
11
34
16
42
39
46
18
10
2
29
41
37
48
30
32
14
38
22
53
40
21
51
0 1 146 191
0 3 181 269
0 5 147 210
0 7 100 110
0 8 195 241
0 11 84 106
0 12 64 94
0 15 108 136
0 16 135 150
0 17 32 44
0 19 88 97
0 22 145 189
0 23 39 39
0 24 188 197
0 25 37 51
0 27 44 60
0 28 24 30
0 29 57 72
0 30 144 194
0 31 38 51
0 32 74 100
0 34 58 82
0 38 69 85
0 39 140 161
0 41 151 155
0 42 44 49
0 43 84 98
0 44 85 93
0 45 40 49
0 47 127 144
0 48 138 180
0 49 40 52
0 52 71 105
0 54 72 106
0 55 160 198
0 58 116 128
1 2 35 43
1 3 40 52
1 4 80 105
1 5 40 55
1 6 148 166
1 7 51 75
1 10 109 136
1 12 112 136
1 13 33 36
1 15 65 65
1 17 154 169
1 18 92 108
1 20 161 187
1 21 20 20
1 23 113 144
1 24 43 44
1 25 139 183
1 26 86 106
1 27 120 167
1 29 88 100
1 31 108 115
1 32 78 81
1 33 95 111
1 34 102 149
1 35 57 78
1 37 47 50
1 38 87 120
1 39 27 36
1 40 47 60
1 42 108 148
1 43 71 84
1 44 61 64
1 45 111 165
1 46 37 53
1 48 33 40
1 49 116 119
1 51 91 135
1 52 95 112
1 53 43 49
1 54 130 192
1 57 106 154
2 3 69 70
2 4 69 74
2 7 45 58
2 9 66 92
2 10 100 147
2 13 52 67
2 15 43 54
2 16 19 24
2 17 160 196
2 19 60 68
2 20 162 233
2 21 20 26
2 22 15 15
2 23 119 150
2 24 66 82
2 25 147 147
2 26 115 131
2 29 89 132
2 30 36 46
2 36 81 118
2 37 74 102
2 39 10 14
2 40 12 14
2 43 61 73
2 45 116 172
2 48 7 8
2 49 123 178
2 50 137 188
2 51 122 132
2 52 81 108
2 53 41 49
2 54 111 156
2 56 119 120
2 57 81 101
2 58 29 38
3 4 120 141
3 8 31 39
3 9 33 42
3 10 149 222
3 11 140 162
3 12 152 183
3 13 67 69
3 15 105 121
3 16 88 119
3 18 122 151
3 19 115 156
3 20 195 278
3 23 146 149
3 25 169 185
3 26 46 60
3 29 125 128
3 30 105 142
3 32 118 176
3 35 96 130
3 37 7 7
3 38 117 160
3 39 63 66
3 40 81 104
3 41 78 114
3 45 144 172
3 46 69 81
3 47 81 115
3 49 148 148
3 50 168 238
3 51 52 62
3 52 135 192
3 53 83 85
3 54 170 184
3 55 34 50
3 56 169 197
3 57 147 191
3 58 86 120
4 5 71 91
4 6 70 91
4 7 29 39
4 8 141 150
4 9 96 96
4 13 57 65
4 14 89 120
4 16 58 78
4 18 57 61
4 20 94 139
4 23 60 66
4 24 123 172
4 25 88 107
4 26 164 220
4 27 41 54
4 28 63 81
4 36 98 129
4 38 56 68
4 40 67 69
4 42 57 74
4 43 9 9
4 45 57 75
4 47 51 63
4 48 63 76
4 49 65 82
4 50 73 76
4 55 91 128
5 6 128 169
5 10 102 108
5 12 97 129
5 13 57 61
5 14 160 202
5 16 17 21
5 17 163 168
5 18 107 120
5 19 61 81
5 21 24 29
5 23 122 136
5 24 69 95
5 25 151 168
5 27 111 122
5 29 92 125
5 30 31 40
5 33 108 139
5 34 117 129
5 35 27 38
5 36 86 105
5 37 77 112
5 39 15 18
5 41 7 7
5 44 71 96
5 46 4 5
5 47 20 25
5 48 11 13
5 49 126 149
5 50 140 204
5 54 111 111
5 55 39 46
5 56 120 132
5 57 80 91
6 7 98 118
6 8 212 220
6 10 50 65
6 11 50 71
6 15 86 114
6 16 112 166
6 17 109 116
6 18 109 114
6 19 74 110
6 20 92 109
6 21 146 156
6 22 121 172
6 23 95 95
6 25 110 150
6 26 234 296
6 28 53 61
6 32 74 85
6 33 101 140
6 34 110 110
6 35 101 132
6 37 195 221
6 39 130 169
6 40 122 131
6 42 96 113
6 44 102 121
6 48 125 166
6 49 99 121
6 50 89 94
6 51 238 302
6 52 54 60
6 54 18 24
6 56 38 41
6 57 51 62
6 58 104 131
7 8 114 166
7 10 59 79
7 11 50 60
7 15 26 31
7 16 40 42
7 20 117 130
7 21 53 70
7 22 49 60
7 23 74 103
7 26 135 165
7 27 70 81
7 29 44 63
7 30 57 77
7 31 65 68
7 35 35 44
7 36 74 98
7 39 39 57
7 41 53 78
7 43 20 21
7 46 49 49
7 48 38 51
7 50 92 129
7 52 44 45
7 53 8 10
7 55 62 74
7 57 62 81
7 58 17 21
8 9 45 49
8 14 219 238
8 15 132 153
8 17 193 228
8 19 138 166
8 20 206 271
8 21 79 94
8 27 179 180
8 28 194 210
8 31 157 196
8 32 138 190
8 33 138 183
8 35 124 126
8 36 51 62
8 37 31 42
8 38 126 153
8 40 111 154
8 41 109 133
8 42 151 206
8 43 133 183
8 45 155 179
8 47 109 137
8 51 26 29
8 52 157 159
8 53 105 119
8 54 194 217
8 55 64 80
8 57 173 173
9 10 123 153
9 12 129 150
9 13 39 52
9 14 174 234
9 15 90 125
9 16 82 92
9 17 152 166
9 18 90 134
9 20 163 207
9 22 81 92
9 23 114 142
9 25 136 142
9 26 69 83
9 27 133 145
9 28 149 222
9 29 96 136
9 30 101 140
9 31 113 154
9 33 95 105
9 34 99 128
9 37 41 56
9 38 84 88
9 39 57 74
9 40 78 107
9 41 78 96
9 42 108 142
9 44 69 84
9 45 112 116
9 46 68 82
9 47 70 88
9 49 115 164
9 50 136 167
9 51 71 105
9 54 149 188
9 56 142 147
9 57 131 162
10 11 35 35
10 13 83 102
10 15 60 85
10 18 59 74
10 19 40 56
10 21 112 158
10 24 152 215
10 26 191 236
10 27 11 13
10 29 32 47
10 31 33 34
10 32 31 31
10 33 51 68
10 35 78 100
10 36 121 155
10 38 60 81
10 41 104 110
10 44 54 63
10 45 45 66
10 48 94 123
10 49 53 78
10 54 36 37
10 56 20 25
10 57 52 63
10 58 71 77
11 12 21 26
11 16 63 67
11 17 111 129
11 18 82 111
11 19 25 27
11 20 102 108
11 21 96 132
11 23 80 89
11 24 140 196
11 25 105 125
11 27 40 51
11 29 53 63
11 31 65 70
11 32 33 46
11 33 77 112
11 34 87 107
11 35 52 77
11 36 124 143
11 37 146 183
11 38 82 88
11 39 80 86
11 40 73 108
11 41 80 119
11 43 33 34
11 45 77 108
11 46 83 111
11 47 62 66
11 48 75 100
11 50 86 112
11 53 58 63
11 55 108 160
11 57 19 21
12 13 90 130
12 15 54 57
12 16 82 83
12 17 93 103
12 18 75 83
12 20 82 112
12 21 111 127
12 23 66 98
12 25 89 97
12 29 47 70
12 31 51 62
12 34 78 84
12 35 72 87
12 36 130 163
12 37 159 206
12 39 96 134
12 40 92 112
12 41 99 128
12 43 41 51
12 44 64 87
12 45 64 94
12 46 100 140
12 49 71 82
12 51 200 264
12 53 69 70
12 55 123 176
12 58 69 95
13 14 136 143
13 15 57 69
13 16 59 71
13 17 120 124
13 18 59 81
13 19 56 81
13 22 64 91
13 24 73 99
13 25 106 144
13 27 94 94
13 29 57 63
13 32 53 60
13 33 62 69
13 36 42 52
13 37 74 76
13 38 53 65
13 39 42 48
13 41 64 66
13 44 30 37
13 46 56 78
13 49 83 112
13 50 102 146
13 51 111 162
13 52 73 83
13 54 110 113
13 58 40 54
14 15 117 134
14 19 98 117
14 22 156 169
14 23 67 78
14 24 208 285
14 25 66 78
14 26 243 274
14 29 78 115
14 30 151 218
14 31 62 71
14 34 86 99
14 37 210 313
14 38 95 113
14 39 155 189
14 41 162 183
14 42 71 78
14 43 97 125
14 44 105 109
14 47 140 172
14 49 69 73
14 50 48 70
14 51 245 316
14 53 123 167
14 55 178 265
14 56 41 52
14 58 129 152
15 16 28 33
15 17 128 162
15 19 19 24
15 20 126 154
15 21 60 77
15 23 90 90
15 26 151 189
15 27 69 101
15 28 92 104
15 30 37 41
15 32 35 47
15 34 90 101
15 35 18 23
15 36 98 133
15 37 111 165
15 38 80 116
15 40 38 46
15 41 45 50
15 42 86 113
15 45 87 90
15 46 47 53
15 48 39 41
15 50 104 119
15 52 38 49
15 54 68 84
15 56 76 98
15 57 41 50
15 58 19 19
16 17 154 209
16 18 102 125
16 19 47 67
16 20 153 222
16 22 10 14
16 23 114 119
16 24 85 89
16 26 134 144
16 27 97 104
16 29 83 93
16 30 20 26
16 31 103 105
16 34 111 116
16 35 10 13
16 36 94 129
16 39 25 36
16 41 16 21
16 44 66 67
16 49 118 134
16 51 141 166
16 52 67 85
16 55 54 77
16 57 63 68
16 58 23 27
17 18 62 62
17 19 109 109
17 20 23 33
17 23 41 53
17 25 16 18
17 26 218 247
17 27 74 90
17 30 166 203
17 31 51 68
17 33 58 71
17 34 53 75
17 35 146 160
17 36 141 184
17 37 192 200
17 38 67 89
17 40 162 220
17 42 46 46
17 43 103 129
17 44 94 111
17 45 43 64
17 46 164 229
17 48 153 156
17 49 38 47
17 50 24 33
17 51 217 291
17 55 168 183
17 56 74 104
18 19 67 95
18 20 73 98
18 23 25 32
18 25 47 64
18 28 69 95
18 29 29 40
18 30 118 160
18 31 30 35
18 32 51 65
18 36 80 90
18 37 130 146
18 38 5 6
18 39 96 114
18 40 108 109
18 41 113 131
18 42 20 22
18 43 58 75
18 44 36 37
18 46 108 140
18 47 89 120
18 49 25 27
18 50 47 58
18 51 157 169
18 56 73 107
18 57 101 138
18 58 79 92
19 20 106 137
19 21 73 89
19 25 99 124
19 26 160 181
19 29 41 51
19 31 58 86
19 33 63 65
19 34 74 110
19 36 98 136
19 37 121 173
19 38 65 79
19 42 68 76
19 44 38 50
19 45 68 88
19 46 64 76
19 49 76 112
19 51 164 236
19 54 55 66
19 55 85 120
19 57 39 52
19 58 31 35
20 21 169 236
20 24 202 295
20 25 35 48
20 27 63 86
20 29 73 84
20 30 162 234
20 34 66 75
20 35 144 204
20 42 54 80
20 46 166 238
20 47 144 148
20 48 155 223
20 49 48 69
20 50 26 31
20 52 90 127
20 54 89 97
20 56 60 87
20 57 119 147
21 22 34 38
21 23 124 169
21 24 46 55
21 25 151 225
21 27 123 164
21 28 143 165
21 30 55 57
21 31 117 132
21 34 115 133
21 36 66 80
21 38 100 133
21 39 16 23
21 43 72 79
21 45 121 156
21 48 21 22
21 49 127 170
21 50 144 182
21 52 95 110
21 53 47 51
21 54 128 160
21 55 15 16
21 57 100 121
21 58 42 44
22 23 123 170
22 24 79 112
22 27 108 133
22 28 131 183
22 29 92 109
22 30 21 21
22 31 112 126
22 34 119 172
22 35 20 21
22 36 95 108
22 37 88 119
22 39 24 28
22 40 3 3
22 41 7 8
22 42 119 171
22 43 61 62
22 44 73 94
22 45 120 174
22 46 15 21
22 48 18 25
22 49 127 145
22 50 140 194
22 52 77 85
22 53 47 70
22 56 115 156
22 57 72 72
22 58 31 31
23 24 153 160
23 25 28 35
23 26 181 196
23 27 52 60
23 28 48 69
23 32 55 62
23 33 18 19
23 34 18 23
23 35 106 155
23 37 153 211
23 39 113 145
23 40 121 177
23 44 53 62
23 46 123 171
23 47 103 107
23 48 112 115
23 49 5 5
23 50 22 23
23 51 182 252
23 54 83 91
23 55 128 150
23 57 99 146
23 58 92 131
24 25 178 226
24 26 50 55
24 27 163 172
24 29 131 168
24 30 100 132
24 31 150 209
24 32 121 153
24 34 140 198
24 37 10 10
24 38 125 163
24 40 77 90
24 41 73 108
24 44 103 134
24 45 151 157
24 46 64 87
24 48 68 83
24 49 156 165
24 50 175 233
24 52 138 202
24 55 32 42
24 57 146 189
24 58 86 123
25 26 201 240
25 27 71 73
25 29 59 65
25 30 156 181
25 31 41 56
25 32 83 89
25 36 125 134
25 37 177 231
25 41 156 209
25 45 31 34
25 46 151 174
25 47 131 139
25 50 21 26
25 52 89 98
25 57 123 139
25 58 120 124
26 27 202 259
26 32 161 185
26 33 163 207
26 34 165 214
26 35 142 191
26 38 151 205
26 40 127 134
26 41 123 146
26 43 155 200
26 44 138 184
26 45 180 249
26 47 127 154
26 49 182 194
26 50 204 225
26 51 10 11
26 52 179 185
26 53 127 154
26 54 215 232
26 55 80 106
26 56 211 296
26 57 193 216
27 28 24 32
27 31 38 48
27 32 42 60
27 34 67 68
27 35 87 126
27 36 132 187
27 37 167 187
27 38 68 83
27 40 107 112
27 41 114 136
27 43 50 50
27 44 65 84
27 45 50 72
27 47 92 103
27 49 56 59
27 50 51 64
27 52 30 44
27 54 31 36
27 56 9 9
28 29 53 78
28 30 127 136
28 31 39 48
28 33 61 71
28 36 144 161
28 40 130 160
28 44 80 118
28 47 114 143
28 49 51 74
28 51 220 284
28 53 97 133
28 55 152 163
28 56 19 25
28 58 103 148
29 30 96 131
29 32 24 33
29 33 23 28
29 35 75 84
29 36 92 94
29 39 84 93
29 40 91 125
29 41 97 103
29 44 27 39
29 46 94 94
29 50 48 67
29 52 37 55
29 55 102 110
29 57 72 84
30 31 115 117
30 34 127 131
30 35 22 25
30 36 114 145
30 38 115 145
30 39 44 48
30 40 24 30
30 41 26 35
30 43 63 81
30 45 124 159
30 48 38 49
30 49 132 183
30 50 142 154
30 52 73 75
30 55 71 93
30 57 58 82
30 58 41 61
31 32 42 54
31 33 22 29
31 34 29 38
31 35 95 120
31 37 151 168
31 38 34 48
31 41 117 156
31 44 47 64
31 45 12 12
31 49 20 20
31 50 27 30
31 51 183 248
31 52 49 73
31 57 84 117
32 33 47 53
32 34 58 74
32 36 94 135
32 39 67 72
32 42 51 70
32 43 9 12
32 46 75 98
32 48 64 64
32 52 20 27
32 53 35 37
32 55 90 102
32 56 51 58
32 58 41 49
33 34 11 15
33 36 87 98
33 37 135 145
33 40 107 125
33 41 113 119
33 42 13 13
33 43 54 70
33 45 17 17
33 47 89 133
33 49 20 20
33 50 41 54
33 51 163 205
33 52 61 70
33 53 63 68
33 54 87 101
33 55 110 144
33 56 65 70
34 35 105 128
34 36 89 132
34 37 139 160
34 38 15 18
34 39 106 135
34 41 123 167
34 43 65 67
34 44 46 63
34 47 99 125
34 48 106 153
34 51 165 246
34 52 71 72
34 53 72 73
34 54 96 123
34 55 117 146
34 57 106 108
34 58 88 100
35 36 97 116
35 37 101 150
35 46 31 43
35 49 111 161
35 51 148 149
35 52 57 68
35 53 37 40
35 56 95 137
35 58 19 20
36 37 56 64
36 38 75 76
36 40 92 98
36 42 100 133
36 44 67 71
36 47 82 114
36 48 77 78
36 49 106 129
36 53 67 97
36 55 56 59
36 56 141 143
36 58 80 80
37 38 124 130
37 39 69 93
37 40 85 107
37 42 148 218
37 43 118 173
37 45 151 189
37 46 73 73
37 47 86 113
37 48 75 95
37 49 155 160
37 51 48 66
37 52 142 202
37 55 39 46
38 39 91 130
38 40 104 114
38 43 56 73
38 44 32 32
38 45 29 40
38 49 31 41
38 50 52 52
38 52 67 81
38 53 59 66
38 55 102 150
38 58 75 103
39 40 21 21
39 42 108 158
39 43 57 72
39 44 60 88
39 45 110 133
39 47 18 20
39 48 6 8
39 50 132 151
39 51 116 140
39 58 26 38
40 41 6 8
40 42 117 166
40 43 60 64
40 44 71 99
40 45 118 119
40 47 18 22
40 49 125 133
40 50 138 153
40 54 105 143
40 55 47 59
40 56 115 125
40 58 29 35
41 42 123 152
41 43 66 66
41 44 76 107
41 45 124 175
41 47 24 29
41 51 131 147
41 53 50 74
41 57 79 85
42 43 60 71
42 44 48 65
42 46 119 171
42 47 99 134
42 48 107 140
42 51 177 244
42 57 97 136
42 58 87 116
43 44 29 29
43 46 65 94
43 47 43 56
43 48 55 65
43 53 28 28
43 56 59 87
43 57 48 58
43 58 32 46
44 45 50 50
44 46 71 73
44 48 60 67
44 49 56 75
44 52 49 68
44 54 84 120
44 56 74 102
44 58 43 50
45 46 121 144
45 48 109 159
45 53 75 104
45 54 81 119
45 56 55 71
45 57 96 133
46 47 22 22
46 48 11 15
46 50 142 197
46 51 121 126
46 54 115 165
47 48 13 14
47 49 107 107
47 50 120 134
47 51 133 139
47 52 62 64
47 54 94 124
47 58 11 13
48 49 116 154
48 50 130 163
48 51 122 173
48 52 75 100
48 54 107 150
48 55 36 53
48 56 113 149
48 57 78 107
49 50 22 29
49 51 183 195
49 52 69 71
49 53 82 87
49 55 130 146
49 56 61 90
49 58 96 104
50 51 204 235
50 55 149 197
50 56 51 54
51 52 183 227
51 53 131 190
51 56 214 277
51 57 198 208
51 58 137 171
52 53 52 55
52 54 36 42
52 55 106 155
52 57 35 41
52 58 53 58
53 54 88 88
53 56 86 104
54 55 140 145
54 57 37 50
54 58 86 94
55 56 141 150
55 57 114 170
56 57 60 81
56 58 90 118
57 58 60 67
