59
99
80
23
57
6
51
22
35
56
29
2
37
55
43
21
39
20
32
23
36
31
7
41
11
17
58
5
39
43
51
9
7
0 1 146 207
0 2 145 191
0 3 181 190
0 4 77 100
0 7 100 124
0 8 195 259
0 10 49 69
0 12 64 71
0 14 29 31
0 15 108 116
0 16 135 136
0 17 32 33
0 18 64 77
0 19 88 120
0 20 18 23
0 22 145 183
0 23 39 50
0 25 37 43
0 26 219 247
0 27 44 62
0 28 24 25
0 30 144 165
0 31 38 45
0 32 74 74
0 33 57 70
0 34 58 68
0 35 126 176
0 36 144 162
0 40 144 213
0 41 151 219
0 43 84 116
0 45 40 55
0 46 149 193
0 50 19 23
0 51 220 326
0 54 72 104
0 55 160 239
1 2 35 49
1 3 40 56
1 5 40 44
1 7 51 57
1 14 165 169
1 17 154 184
1 18 92 105
1 20 161 173
1 21 20 24
1 22 50 65
1 23 113 115
1 24 43 48
1 26 86 99
1 30 71 103
1 32 78 78
1 33 95 106
1 34 102 105
1 38 87 125
1 39 27 38
1 41 47 66
1 42 108 137
1 43 71 98
1 44 61 74
1 46 37 46
1 47 42 55
1 48 33 42
1 49 116 136
1 51 91 100
1 55 14 20
1 56 129 150
1 57 106 113
1 58 45 54
2 3 69 79
2 7 45 58
2 9 66 83
2 10 100 148
2 12 97 112
2 15 43 49
2 16 19 28
2 17 160 219
2 18 104 153
2 19 60 82
2 20 162 200
2 22 15 16
2 25 147 179
2 28 132 176
2 29 89 111
2 32 71 77
2 34 113 115
2 36 81 110
2 37 74 85
2 38 99 113
2 39 10 13
2 40 12 14
2 42 114 130
2 43 61 84
2 44 67 91
2 45 116 122
2 48 7 9
2 51 122 133
2 53 41 58
2 55 35 37
2 58 29 41
3 4 120 151
3 7 91 110
3 9 33 46
3 10 149 209
3 12 152 191
3 13 67 75
3 15 105 155
3 16 88 102
3 18 122 169
3 19 115 146
3 20 195 262
3 21 49 52
3 23 146 149
3 26 46 49
3 27 160 227
3 28 177 181
3 29 125 170
3 32 118 158
3 33 127 142
3 34 131 152
3 36 49 49
3 37 7 7
3 38 117 170
3 39 63 64
3 40 81 114
3 41 78 92
3 42 140 170
3 44 97 99
3 51 52 56
3 52 135 147
3 55 34 41
3 58 86 111
4 5 71 105
4 8 141 205
4 9 96 128
4 10 31 39
4 11 27 28
4 13 57 64
4 14 89 100
4 17 97 113
4 18 57 79
4 21 81 116
4 22 68 94
4 23 60 81
4 24 123 167
4 26 164 185
4 27 41 44
4 30 68 87
4 31 47 61
4 32 6 7
4 34 64 64
4 35 49 56
4 37 127 159
4 38 56 82
4 39 66 97
4 40 67 77
4 42 57 73
4 43 9 10
4 44 33 34
4 45 57 61
4 46 73 76
4 47 51 70
4 48 63 64
4 49 65 70
4 50 73 94
4 51 167 173
4 54 52 66
4 56 50 54
4 57 45 58
5 6 128 162
5 7 48 69
5 8 104 143
5 9 71 77
5 10 102 106
5 11 79 97
5 12 97 122
5 17 163 226
5 19 61 84
5 20 164 185
5 23 122 172
5 24 69 85
5 25 151 193
5 27 111 162
5 28 134 198
5 30 31 44
5 31 113 152
5 32 73 91
5 33 108 158
5 34 117 136
5 36 86 128
5 37 77 84
5 39 15 18
5 40 8 11
5 41 7 10
5 43 63 92
5 44 71 72
5 45 119 144
5 46 4 4
5 47 20 28
5 48 11 13
5 50 140 163
5 51 126 166
5 53 44 62
5 54 111 144
6 7 98 130
6 8 212 276
6 9 167 194
6 10 50 57
6 11 50 61
6 14 61 75
6 15 86 102
6 16 112 156
6 18 109 140
6 20 92 111
6 21 146 181
6 23 95 97
6 24 190 266
6 27 43 52
6 28 53 76
6 29 83 119
6 31 81 104
6 33 101 131
6 34 110 150
6 35 101 138
6 37 195 198
6 40 122 123
6 41 128 128
6 42 96 116
6 43 79 107
6 44 102 121
6 46 132 197
6 47 112 150
6 49 99 118
6 50 89 124
6 52 54 64
6 53 106 141
6 54 18 19
6 55 158 199
6 57 51 70
7 8 114 148
7 13 32 39
7 15 26 29
7 17 115 134
7 19 24 35
7 21 53 69
7 22 49 55
7 25 103 153
7 29 44 54
7 30 57 59
7 32 27 30
7 35 35 41
7 41 53 63
7 42 70 74
7 44 25 35
7 45 71 75
7 46 49 69
7 47 28 31
7 48 38 53
7 50 92 106
7 51 139 147
7 52 44 62
7 56 78 102
7 58 17 20
8 9 45 45
8 10 168 181
8 11 164 245
8 13 85 115
8 15 132 175
8 16 118 166
8 17 193 204
8 18 132 155
8 19 138 201
8 22 114 164
8 24 41 46
8 27 179 221
8 28 194 256
8 29 141 148
8 30 135 146
8 31 157 183
8 32 138 154
8 34 140 140
8 35 124 163
8 36 51 75
8 37 31 38
8 39 93 132
8 40 111 142
8 42 151 169
8 43 133 142
8 44 114 147
8 45 155 188
8 46 99 101
8 47 109 125
8 48 99 116
8 50 179 242
8 51 26 28
8 52 157 203
8 54 194 258
8 56 188 267
8 57 173 241
9 10 123 149
9 11 120 151
9 12 129 150
9 13 39 41
9 14 174 218
9 18 90 117
9 19 94 94
9 20 163 166
9 21 50 62
9 22 81 105
9 23 114 130
9 25 136 188
9 26 69 75
9 27 133 139
9 28 149 219
9 29 96 114
9 30 101 117
9 31 113 124
9 32 93 122
9 35 86 88
9 36 18 25
9 38 84 87
9 39 57 76
9 42 108 131
9 44 69 78
9 48 63 77
9 50 136 140
9 52 112 143
9 55 38 45
9 57 131 132
10 11 35 35
10 13 83 83
10 14 58 77
10 15 60 75
10 16 88 102
10 17 76 104
10 20 68 93
10 21 112 129
10 22 98 101
10 24 152 183
10 25 71 76
10 26 191 224
10 27 11 15
10 28 32 42
10 29 32 45
10 31 33 36
10 34 60 72
10 35 78 94
10 36 121 181
10 37 156 162
10 38 60 64
10 40 97 130
10 42 48 64
10 44 54 54
10 45 45 52
10 46 104 143
10 47 82 97
10 48 94 137
10 49 53 56
10 50 51 76
10 54 36 51
10 55 122 143
10 57 52 55
11 12 21 23
11 15 36 49
11 16 63 78
11 17 111 122
11 18 82 109
11 19 25 37
11 20 102 114
11 21 96 111
11 22 73 87
11 24 140 172
11 25 105 128
11 28 64 90
11 29 53 71
11 33 77 97
11 34 87 91
11 35 52 61
11 36 124 145
11 38 82 89
11 42 78 92
11 43 33 41
11 44 61 88
11 45 77 97
11 46 83 94
11 47 62 90
11 48 75 91
11 50 86 100
11 52 16 23
11 54 32 39
11 55 108 128
11 56 45 52
11 57 19 24
12 13 90 90
12 14 65 68
12 15 54 58
12 16 82 100
12 17 93 138
12 18 75 84
12 20 82 102
12 21 111 126
12 22 92 101
12 23 66 95
12 26 196 239
12 27 19 25
12 28 43 55
12 29 47 55
12 30 85 117
12 33 68 83
12 39 96 111
12 40 92 108
12 45 64 79
12 47 79 85
12 48 91 93
12 49 71 77
12 52 17 24
12 53 69 98
12 54 20 25
12 55 123 169
12 58 69 82
13 14 136 199
13 16 59 69
13 17 120 177
13 18 59 70
13 20 128 151
13 21 48 57
13 24 73 84
13 25 106 139
13 26 108 135
13 27 94 113
13 28 110 111
13 29 57 72
13 30 79 95
13 31 76 90
13 32 53 70
13 33 62 68
13 34 68 94
13 36 42 43
13 38 53 58
13 39 42 62
13 40 61 80
13 42 75 85
13 43 49 61
13 45 78 83
13 46 56 59
13 49 83 104
13 51 111 157
13 53 25 36
13 54 110 144
13 55 48 69
13 57 95 131
14 15 117 159
14 16 146 207
14 17 58 66
14 20 35 52
14 21 170 245
14 22 156 211
14 23 67 92
14 24 208 265
14 25 66 87
14 28 26 33
14 29 78 78
14 31 62 87
14 33 83 96
14 34 86 91
14 37 210 223
14 39 155 172
14 40 155 204
14 44 105 155
14 45 67 94
14 46 162 174
14 47 140 164
14 48 152 187
14 50 48 49
14 51 245 342
14 54 64 85
14 55 178 181
14 58 129 156
15 16 28 37
15 17 128 141
15 18 82 83
15 19 19 19
15 21 60 80
15 23 90 128
15 24 105 144
15 25 118 161
15 26 151 216
15 28 92 108
15 29 59 70
15 31 77 86
15 32 35 44
15 36 98 136
15 39 44 62
15 41 45 64
15 42 86 116
15 43 26 31
15 44 49 55
15 48 39 39
15 50 104 139
15 51 157 213
15 53 31 32
15 54 68 76
15 57 41 60
15 58 19 28
16 17 154 172
16 18 102 130
16 21 39 40
16 26 134 148
16 27 97 134
16 28 120 169
16 30 20 23
16 31 103 110
16 33 101 115
16 34 111 155
16 35 10 10
16 36 94 111
16 38 98 102
16 39 25 37
16 41 16 23
16 42 110 134
16 43 51 62
16 47 14 20
16 48 19 19
16 50 130 147
16 53 40 56
16 54 95 95
16 56 105 137
16 58 23 28
17 18 62 66
17 20 23 27
17 22 163 199
17 23 41 42
17 25 16 23
17 28 56 81
17 32 93 122
17 33 58 76
17 35 146 196
17 36 141 173
17 37 192 210
17 39 154 164
17 40 162 210
17 42 46 68
17 43 103 143
17 46 164 198
17 47 144 194
17 49 38 47
17 53 119 140
17 54 104 153
17 55 168 176
17 56 74 98
17 57 129 133
17 58 132 139
18 19 67 97
18 21 105 110
18 22 110 154
18 23 25 33
18 24 131 187
18 25 47 54
18 26 157 218
18 27 66 94
18 30 118 143
18 31 30 37
18 32 51 60
18 34 9 11
18 35 96 131
18 37 130 136
18 38 5 5
18 39 96 121
18 40 108 156
18 41 113 167
18 46 108 141
18 47 89 127
18 48 96 124
18 50 47 58
18 51 157 203
18 53 63 82
18 54 95 142
18 55 107 116
18 57 101 125
19 20 106 135
19 24 117 153
19 25 99 112
19 26 160 239
19 27 50 72
19 29 41 45
19 31 58 85
19 32 16 17
19 33 63 68
19 34 74 75
19 35 38 42
19 36 98 113
19 38 65 69
19 41 63 82
19 43 9 10
19 44 38 49
19 47 41 42
19 48 54 74
19 49 76 86
19 50 84 123
19 54 55 71
19 55 85 124
20 21 169 212
20 22 163 177
20 24 202 278
20 25 35 50
20 26 231 248
20 28 41 59
20 29 73 104
20 31 52 75
20 33 67 88
20 34 66 89
20 36 154 199
20 37 202 279
20 38 79 115
20 43 101 103
20 44 99 104
20 45 50 62
20 46 166 208
20 47 144 182
20 48 155 163
20 51 231 245
20 52 90 133
20 54 89 115
20 55 175 196
20 58 133 166
21 22 34 43
21 23 124 132
21 26 95 116
21 27 123 155
21 29 96 103
21 30 55 67
21 31 117 133
21 32 81 82
21 33 107 115
21 34 115 151
21 35 47 54
21 36 66 87
21 38 100 126
21 39 16 23
21 40 32 39
21 42 119 173
21 43 72 107
21 44 71 103
21 48 21 21
21 49 127 150
21 50 144 160
21 55 15 21
21 56 131 154
21 58 42 50
22 23 123 143
22 30 21 23
22 32 71 79
22 35 20 23
22 37 88 119
22 38 106 143
22 40 3 3
22 42 119 147
22 43 61 91
22 44 73 74
22 46 15 19
22 47 20 20
22 48 18 26
22 52 77 105
22 55 50 68
22 58 31 34
23 24 153 169
23 25 28 34
23 26 181 225
23 28 48 62
23 29 31 36
23 31 15 21
23 35 106 124
23 36 105 115
23 37 153 221
23 38 30 37
23 40 121 142
23 41 127 174
23 43 64 76
23 45 3 3
23 47 103 128
23 48 112 138
23 49 5 6
23 51 182 272
23 53 78 111
23 55 128 173
23 56 56 80
23 57 99 121
23 58 92 133
24 25 178 222
24 27 163 200
24 28 182 192
24 29 131 158
24 30 100 132
24 31 150 158
24 32 121 125
24 33 135 199
24 34 140 209
24 36 61 83
24 39 62 92
24 40 77 93
24 42 148 191
24 43 114 139
24 44 103 136
24 46 64 86
24 48 68 76
24 49 156 180
24 50 175 231
24 53 86 95
24 54 172 195
24 55 32 41
24 57 146 156
25 26 201 221
25 28 58 60
25 29 59 83
25 30 156 204
25 32 83 86
25 33 43 55
25 35 135 147
25 36 125 135
25 37 177 257
25 39 140 167
25 40 150 219
25 44 80 95
25 45 31 34
25 46 151 175
25 47 131 175
25 49 24 32
25 50 21 23
25 51 201 213
25 54 102 129
25 55 154 215
25 56 73 97
25 57 123 174
25 58 120 153
26 27 202 247
26 28 218 282
26 31 181 219
26 32 161 172
26 33 163 169
26 34 165 242
26 39 110 123
26 42 176 194
26 43 155 230
26 45 180 257
26 47 127 134
26 48 116 128
26 51 10 12
26 52 179 190
26 53 127 153
26 55 80 87
26 57 193 246
26 58 132 142
27 28 24 32
27 30 103 132
27 31 38 40
27 32 42 47
27 40 107 160
27 41 114 125
27 42 53 63
27 44 65 68
27 46 114 166
27 48 104 124
27 49 56 62
27 50 51 54
27 52 30 41
27 53 77 112
27 54 31 32
27 55 132 145
27 56 9 13
28 29 53 71
28 31 39 43
28 32 62 91
28 35 111 122
28 36 144 175
28 38 73 85
28 39 129 131
28 42 51 56
28 43 71 81
28 47 114 170
28 48 126 181
28 49 51 68
28 50 37 52
28 52 53 70
28 54 48 62
28 57 79 92
28 58 103 135
29 30 96 100
29 31 20 28
29 32 24 27
29 34 34 48
29 35 75 102
29 36 92 110
29 37 132 163
29 38 29 32
29 39 84 99
29 40 91 123
29 41 97 126
29 45 28 31
29 46 94 129
29 48 82 104
29 50 48 53
29 51 167 204
29 52 37 47
29 53 49 58
29 55 102 126
29 56 49 57
29 57 72 77
29 58 61 88
30 31 115 122
30 34 127 188
30 35 22 31
30 36 114 158
30 39 44 55
30 40 24 32
30 41 26 31
30 44 83 100
30 45 124 140
30 46 36 47
30 48 38 48
30 49 132 191
30 52 73 107
30 53 59 76
30 54 94 102
30 57 58 85
31 32 42 42
31 34 29 42
31 35 95 140
31 37 151 214
31 42 14 14
31 43 52 60
31 44 47 66
31 45 12 17
31 46 114 164
31 47 93 132
31 48 103 140
31 49 20 27
31 50 27 27
31 52 49 55
31 53 70 91
31 54 68 92
31 56 43 59
31 57 84 95
32 33 47 47
32 34 58 68
32 35 52 62
32 36 94 122
32 37 125 176
32 40 70 81
32 42 51 63
32 43 9 11
32 45 52 64
32 46 75 91
32 47 53 66
32 48 64 65
32 49 60 84
32 50 69 90
32 51 164 212
32 52 20 26
32 53 35 49
32 55 90 99
32 56 51 52
32 57 51 71
32 58 41 49
33 34 11 13
33 35 94 102
33 38 12 15
33 39 97 107
33 40 107 119
33 41 113 115
33 44 37 51
33 45 17 25
33 47 89 132
33 48 97 113
33 49 20 20
33 50 41 43
33 51 163 242
33 52 61 66
33 53 63 70
33 54 87 90
33 55 110 155
33 56 65 91
33 57 96 105
33 58 78 90
34 35 105 149
34 38 15 15
34 39 106 142
34 40 117 172
34 41 123 136
34 42 15 16
34 43 65 82
34 45 19 24
34 46 117 158
34 47 99 146
34 48 106 144
34 53 72 95
34 54 96 103
34 56 72 85
34 57 106 130
35 36 97 142
35 38 93 126
35 41 27 33
35 46 31 34
35 48 26 33
35 49 111 130
35 50 122 178
35 51 148 202
35 54 84 122
35 55 62 87
35 56 95 103
35 57 53 71
35 58 19 22
36 37 56 73
36 39 71 78
36 41 93 115
36 42 100 128
36 45 104 109
36 49 106 113
36 50 128 181
36 51 76 97
36 52 114 168
36 53 67 84
36 54 151 214
36 56 141 162
36 57 137 204
36 58 80 102
37 38 124 162
37 39 69 97
37 40 85 112
37 41 82 104
37 42 148 178
37 44 104 108
37 45 151 192
37 47 86 99
37 48 75 110
37 49 155 228
37 50 175 193
37 53 90 106
37 56 176 182
37 57 152 196
38 39 91 110
38 41 109 155
38 42 25 32
38 43 56 76
38 44 32 33
38 45 29 37
38 46 103 146
38 47 86 114
38 48 92 103
38 51 152 162
38 52 67 77
38 53 59 66
38 57 101 147
38 58 75 92
39 40 21 30
39 43 57 61
39 44 60 69
39 45 110 115
39 46 13 13
39 47 18 24
39 48 6 8
39 50 132 162
39 51 116 121
39 52 79 79
39 54 112 163
39 56 116 169
39 57 84 119
39 58 26 32
40 41 6 8
40 42 117 144
40 44 71 95
40 45 118 122
40 46 12 15
40 47 18 22
40 53 45 48
40 54 105 134
40 56 115 121
40 57 73 92
41 42 123 160
41 46 10 10
41 47 24 33
41 50 145 205
41 51 131 155
41 52 84 117
41 53 50 51
41 55 45 66
41 56 122 174
41 58 35 39
42 43 60 71
42 48 107 149
42 49 8 9
42 51 177 249
42 56 58 76
42 57 97 135
42 58 87 98
43 44 29 32
43 46 65 82
43 48 55 73
43 49 69 75
43 52 24 24
43 54 60 71
43 55 82 122
43 56 59 71
43 57 48 59
43 58 32 39
44 45 50 61
44 46 71 76
44 47 53 79
44 51 140 166
44 52 49 63
44 54 84 84
44 55 75 110
44 57 77 87
44 58 43 54
45 46 121 175
45 47 100 115
45 48 109 140
45 49 8 11
45 53 75 92
45 54 81 108
46 47 22 24
46 49 127 179
46 51 121 124
46 52 85 127
46 54 115 130
46 55 35 49
46 57 84 96
47 48 13 15
47 49 107 133
47 50 120 127
47 53 27 34
47 55 48 50
47 56 100 123
47 58 11 16
48 49 116 160
48 50 130 149
48 53 34 46
48 56 113 127
48 57 78 116
49 50 22 27
49 51 183 205
49 52 69 74
49 53 82 110
49 54 88 91
49 56 61 80
49 57 104 132
49 58 96 110
50 51 204 253
50 52 72 74
50 53 97 135
50 54 81 99
50 56 51 62
50 58 109 151
51 52 183 193
51 53 131 177
51 54 219 252
51 55 86 90
51 56 214 280
51 57 198 278
51 58 137 177
52 53 52 58
52 54 36 51
52 55 106 143
52 57 35 36
52 58 53 54
53 54 88 99
53 55 55 73
53 56 86 115
53 57 70 86
54 55 140 158
54 56 30 42
54 58 86 103
55 56 141 209
55 57 114 155
56 57 60 79
56 58 90 120
57 58 60 87
