59
59
116
23
58
14
34
33
17
23
41
2
0
27
49
28
30
5
4
1
54
6
13
53
31
10
15
5
15
6
4
49
56
0 1 146 187
0 4 77 114
0 5 147 156
0 8 195 213
0 9 151 197
0 11 84 120
0 12 64 94
0 14 29 32
0 15 108 133
0 18 64 89
0 21 153 189
0 23 39 47
0 24 188 212
0 25 37 43
0 27 44 63
0 28 24 33
0 29 57 58
0 31 38 53
0 32 74 80
0 33 57 68
0 35 126 168
0 37 189 194
0 38 69 72
0 39 140 154
0 40 144 189
0 43 84 96
0 46 149 221
0 47 127 151
0 48 138 167
0 51 220 325
0 52 71 91
0 53 106 115
0 54 72 72
0 55 160 179
0 57 101 140
1 2 35 50
1 3 40 41
1 4 80 101
1 5 40 40
1 8 67 91
1 9 30 43
1 11 99 102
1 13 33 40
1 16 52 52
1 17 154 197
1 22 50 60
1 23 113 119
1 26 86 93
1 27 120 135
1 28 139 174
1 29 88 110
1 30 71 96
1 31 108 114
1 32 78 81
1 33 95 108
1 34 102 148
1 35 57 65
1 37 47 51
1 38 87 99
1 39 27 33
1 42 108 134
1 43 71 90
1 44 61 69
1 45 111 118
1 46 37 47
1 47 42 55
1 53 43 47
1 55 14 18
1 56 129 182
1 57 106 122
2 3 69 83
2 5 5 5
2 6 129 166
2 7 45 61
2 8 100 131
2 10 100 133
2 11 79 80
2 12 97 120
2 13 52 55
2 14 158 180
2 15 43 56
2 17 160 216
2 18 104 136
2 21 20 24
2 23 119 155
2 28 132 181
2 29 89 123
2 32 71 74
2 33 104 122
2 34 113 163
2 35 28 35
2 37 74 104
2 39 10 13
2 42 114 133
2 45 116 132
2 46 4 5
2 48 7 10
2 50 137 179
2 51 122 156
2 52 81 103
2 57 81 92
3 4 120 154
3 5 73 92
3 8 31 33
3 9 33 48
3 10 149 184
3 11 140 200
3 12 152 213
3 13 67 97
3 14 203 251
3 18 122 141
3 20 195 288
3 24 13 13
3 25 169 247
3 27 160 214
3 28 177 212
3 30 105 125
3 32 118 176
3 33 127 143
3 34 131 160
3 35 96 137
3 36 49 53
3 41 78 93
3 42 140 186
3 43 111 144
3 48 70 93
3 51 52 66
3 52 135 137
3 53 83 114
4 5 71 102
4 9 96 117
4 11 27 29
4 12 32 37
4 13 57 82
4 15 31 45
4 16 58 77
4 17 97 142
4 19 11 11
4 20 94 126
4 22 68 73
4 24 123 170
4 25 88 93
4 27 41 51
4 30 68 77
4 31 47 54
4 38 56 58
4 39 66 70
4 40 67 67
4 42 57 70
4 44 33 34
4 45 57 81
4 47 51 54
4 49 65 70
4 50 73 79
4 52 16 16
4 53 37 53
4 55 91 128
4 57 45 60
5 6 128 168
5 7 48 63
5 8 104 147
5 10 102 132
5 11 79 98
5 12 97 110
5 13 57 74
5 16 17 17
5 20 164 223
5 23 122 180
5 24 69 100
5 25 151 220
5 27 111 134
5 31 113 145
5 32 73 89
5 35 27 33
5 37 77 94
5 38 103 120
5 39 15 18
5 41 7 10
5 43 63 80
5 44 71 94
5 46 4 4
5 47 20 25
5 48 11 13
5 49 126 183
5 51 126 142
5 52 82 101
5 54 111 116
5 57 80 83
6 7 98 129
6 8 212 228
6 11 50 53
6 12 38 53
6 13 128 147
6 16 112 161
6 17 109 123
6 19 74 97
6 21 146 150
6 23 95 108
6 24 190 240
6 25 110 162
6 28 53 79
6 29 83 106
6 30 109 158
6 32 74 107
6 34 110 141
6 35 101 151
6 36 169 191
6 37 195 233
6 42 96 98
6 44 102 117
6 46 132 174
6 48 125 156
6 50 89 106
6 51 238 292
6 54 18 21
6 55 158 180
6 56 38 52
6 57 51 57
6 58 104 118
7 8 114 121
7 10 59 83
7 11 50 54
7 12 61 62
7 14 116 164
7 16 40 55
7 18 61 63
7 19 24 29
7 20 117 164
7 21 53 62
7 23 74 98
7 25 103 128
7 27 70 98
7 29 44 44
7 31 65 73
7 32 27 27
7 34 70 81
7 35 35 49
7 38 58 81
7 39 39 49
7 40 47 47
7 42 70 92
7 44 25 37
7 45 71 84
7 46 49 69
7 47 28 40
7 52 44 56
7 53 8 8
7 54 80 111
7 55 62 75
7 56 78 78
7 58 17 22
8 9 45 52
8 11 164 215
8 13 85 123
8 14 219 239
8 16 118 173
8 17 193 244
8 21 79 101
8 22 114 136
8 23 157 196
8 24 41 41
8 25 176 255
8 26 25 26
8 28 194 273
8 29 141 199
8 30 135 180
8 31 157 180
8 33 138 180
8 36 51 66
8 37 31 37
8 38 126 175
8 39 93 107
8 40 111 142
8 41 109 119
8 43 133 168
8 44 114 127
8 45 155 190
8 47 109 135
8 49 157 200
8 50 179 232
8 51 26 34
8 52 157 199
8 54 194 261
8 55 64 91
8 56 188 224
8 57 173 207
8 58 112 148
9 10 123 151
9 11 120 168
9 12 129 191
9 13 39 44
9 16 82 98
9 17 152 209
9 18 90 120
9 19 94 95
9 24 44 58
9 26 69 69
9 27 133 155
9 28 149 149
9 30 101 134
9 32 93 137
9 33 95 139
9 35 86 101
9 37 41 54
9 39 57 65
9 41 78 80
9 42 108 147
9 43 88 120
9 44 69 79
9 45 112 133
9 47 70 92
9 50 136 179
9 51 71 96
9 52 112 167
9 53 61 61
9 54 149 176
9 55 38 54
9 56 142 176
9 58 71 95
10 11 35 44
10 13 83 86
10 14 58 58
10 15 60 87
10 18 59 75
10 19 40 44
10 20 68 74
10 21 112 142
10 22 98 123
10 23 48 62
10 24 152 158
10 25 71 99
10 26 191 268
10 27 11 12
10 31 33 36
10 32 31 45
10 34 60 87
10 35 78 101
10 36 121 131
10 37 156 167
10 38 60 86
10 40 97 120
10 43 39 47
10 45 45 62
10 47 82 108
10 48 94 110
10 50 51 62
10 51 194 220
10 52 22 23
10 53 66 88
10 54 36 37
10 55 122 144
10 56 20 25
10 57 52 52
11 12 21 25
11 13 82 88
11 14 87 98
11 16 63 87
11 18 82 122
11 20 102 134
11 22 73 102
11 23 80 108
11 24 140 205
11 26 185 242
11 28 64 69
11 29 53 55
11 32 33 36
11 33 77 106
11 35 52 60
11 36 124 126
11 37 146 178
11 38 82 108
11 41 80 97
11 43 33 33
11 45 77 112
11 46 83 116
11 47 62 84
11 48 75 112
11 49 85 109
11 53 58 64
11 54 32 36
11 55 108 108
11 57 19 22
12 13 90 109
12 15 54 76
12 18 75 88
12 19 38 54
12 21 111 118
12 23 66 82
12 24 155 198
12 25 89 128
12 29 47 56
12 30 85 91
12 32 36 38
12 33 68 93
12 38 76 97
12 39 96 130
12 40 92 123
12 41 99 127
12 44 64 71
12 46 100 115
12 47 79 102
12 48 91 133
12 49 71 82
12 53 69 85
12 56 24 25
12 57 36 53
12 58 69 82
13 14 136 176
13 15 57 81
13 16 59 62
13 19 56 79
13 21 48 60
13 22 64 87
13 23 80 91
13 24 73 76
13 25 106 109
13 26 108 111
13 28 110 164
13 29 57 69
13 31 76 87
13 32 53 74
13 34 68 91
13 35 59 64
13 37 74 102
13 38 53 73
13 40 61 62
13 41 64 91
13 42 75 94
13 43 49 71
13 44 30 40
13 45 78 107
13 46 56 65
13 48 46 48
13 49 83 96
13 50 102 106
13 51 111 142
13 52 73 99
13 53 25 34
13 54 110 131
13 55 48 50
13 56 103 111
13 58 40 43
14 15 117 170
14 16 146 192
14 20 35 36
14 21 170 206
14 22 156 219
14 23 67 86
14 24 208 285
14 25 66 66
14 26 243 350
14 28 26 27
14 33 83 109
14 34 86 115
14 36 169 232
14 37 210 302
14 38 95 99
14 39 155 215
14 46 162 236
14 47 140 152
14 48 152 216
14 49 69 102
14 50 48 63
14 51 245 347
14 53 123 176
14 56 41 61
14 57 99 127
14 58 129 161
15 16 28 39
15 17 128 187
15 20 126 170
15 21 60 70
15 22 38 42
15 23 90 90
15 25 118 165
15 26 151 225
15 28 92 112
15 29 59 88
15 30 37 52
15 33 80 81
15 34 90 108
15 35 18 25
15 36 98 105
15 37 111 136
15 38 80 117
15 40 38 56
15 42 86 107
15 43 26 36
15 44 49 72
15 48 39 40
15 49 95 140
15 50 104 105
15 53 31 40
15 54 68 74
15 55 73 98
15 58 19 20
16 17 154 194
16 20 153 196
16 22 10 13
16 23 114 117
16 25 142 145
16 27 97 100
16 28 120 138
16 29 83 101
16 31 103 105
16 32 61 62
16 33 101 129
16 35 10 13
16 38 98 140
16 39 25 34
16 40 10 11
16 42 110 162
16 43 51 55
16 47 14 16
16 49 118 176
16 52 67 82
16 55 54 63
16 56 105 146
16 58 23 31
17 18 62 73
17 23 41 56
17 26 218 288
17 30 166 188
17 31 51 76
17 32 93 121
17 36 141 155
17 39 154 189
17 42 46 46
17 45 43 43
17 46 164 186
17 47 144 209
17 48 153 221
17 49 38 51
17 50 24 32
17 51 217 228
17 52 96 132
17 53 119 150
17 55 168 194
17 56 74 79
17 57 129 191
17 58 132 153
18 19 67 77
18 21 105 123
18 22 110 157
18 23 25 36
18 24 131 158
18 25 47 64
18 28 69 87
18 29 29 41
18 31 30 32
18 32 51 56
18 33 8 8
18 36 80 89
18 37 130 176
18 40 108 123
18 41 113 168
18 44 36 40
18 45 24 30
18 49 25 26
18 50 47 54
18 51 157 180
18 52 67 82
18 55 107 134
18 56 73 102
19 20 106 118
19 21 73 85
19 23 71 80
19 24 117 168
19 26 160 234
19 28 73 73
19 29 41 46
19 30 57 67
19 34 74 83
19 35 38 44
19 41 63 81
19 42 68 99
19 45 68 98
19 46 64 82
19 49 76 94
19 53 32 34
19 55 85 110
19 56 58 82
19 57 39 40
19 58 31 36
20 21 169 179
20 22 163 170
20 23 49 71
20 24 202 206
20 26 231 331
20 27 63 74
20 29 73 88
20 31 52 75
20 32 91 110
20 33 67 90
20 34 66 95
20 36 154 166
20 38 79 86
20 39 157 223
20 40 162 187
20 41 168 236
20 42 54 55
20 43 101 109
20 44 99 107
20 46 166 202
20 47 144 207
20 48 155 157
20 51 231 299
20 52 90 90
20 53 122 159
20 58 133 134
21 22 34 46
21 24 46 68
21 25 151 177
21 26 95 142
21 27 123 172
21 32 81 119
21 33 107 131
21 35 47 55
21 36 66 68
21 37 54 57
21 38 100 113
21 39 16 17
21 40 32 37
21 43 72 93
21 45 121 131
21 46 19 22
21 47 34 42
21 52 95 101
21 53 47 51
21 55 15 21
21 56 131 157
21 57 100 126
21 58 42 55
22 23 123 149
22 24 79 92
22 25 151 200
22 29 92 135
22 31 112 148
22 32 71 102
22 33 110 117
22 36 95 134
22 40 3 3
22 41 7 9
22 42 119 139
22 43 61 68
22 44 73 87
22 45 120 160
22 46 15 16
22 47 20 26
22 48 18 18
22 50 140 176
22 51 136 144
22 52 77 78
22 53 47 59
22 56 115 115
22 57 72 94
22 58 31 38
23 24 153 220
23 30 127 171
23 32 55 69
23 33 18 23
23 37 153 191
23 39 113 134
23 40 121 171
23 41 127 175
23 42 5 7
23 43 64 95
23 45 3 3
23 46 123 166
23 47 103 103
23 48 112 143
23 51 182 212
23 54 83 85
23 56 56 61
23 57 99 140
23 58 92 136
24 25 178 258
24 26 50 54
24 27 163 236
24 29 131 169
24 30 100 146
24 32 121 155
24 33 135 152
24 35 93 117
24 36 61 74
24 37 10 12
24 38 125 182
24 39 62 86
24 40 77 113
24 41 73 95
24 42 148 153
24 44 103 137
24 47 80 94
24 49 156 171
24 51 58 69
24 52 138 172
24 53 86 86
24 54 172 219
24 55 32 34
24 58 86 110
25 26 201 213
25 27 71 87
25 28 58 65
25 29 59 67
25 31 41 46
25 36 125 137
25 37 177 205
25 38 52 58
25 39 140 181
25 41 156 209
25 42 32 47
25 43 92 126
25 44 80 117
25 45 31 41
25 46 151 220
25 47 131 135
25 48 140 177
25 49 24 26
25 51 201 259
25 53 106 121
25 55 154 209
25 57 123 129
25 58 120 122
26 27 202 234
26 28 218 326
26 30 150 200
26 31 181 215
26 32 161 169
26 33 163 181
26 35 142 161
26 38 151 157
26 39 110 151
26 40 127 187
26 42 176 226
26 43 155 159
26 45 180 219
26 46 114 129
26 48 116 173
26 52 179 258
26 53 127 161
26 54 215 276
26 56 211 271
26 57 193 219
26 58 132 171
27 28 24 24
27 29 41 41
27 30 103 112
27 31 38 49
27 32 42 52
27 35 87 123
27 38 68 85
27 39 108 151
27 40 107 107
27 43 50 51
27 44 65 75
27 45 50 53
27 49 56 82
27 51 205 285
27 52 30 35
27 53 77 87
27 56 9 10
27 57 56 65
27 58 81 111
28 29 53 58
28 31 39 52
28 34 66 83
28 35 111 132
28 36 144 190
28 37 184 265
28 38 73 100
28 39 129 151
28 40 130 180
28 41 137 138
28 43 71 80
28 44 80 97
28 45 47 65
28 47 114 154
28 48 126 179
28 49 51 74
28 51 220 287
28 53 97 113
28 54 48 60
28 56 19 24
29 30 96 126
29 31 20 28
29 33 23 30
29 36 92 113
29 39 84 84
29 40 91 101
29 42 27 37
29 43 33 47
29 44 27 29
29 45 28 40
29 46 94 117
29 47 73 102
29 48 82 90
29 49 35 46
29 50 48 50
29 52 37 51
29 54 67 85
30 31 115 152
30 32 72 92
30 36 114 160
30 38 115 148
30 40 24 35
30 41 26 30
30 42 124 146
30 46 36 46
30 47 33 44
30 49 132 148
30 50 142 189
30 51 158 177
30 52 73 93
30 53 59 72
30 54 94 108
30 55 71 75
30 56 110 124
31 32 42 60
31 34 29 37
31 37 151 189
31 39 104 129
31 41 117 132
31 45 12 16
31 48 103 131
31 49 20 20
31 50 27 35
31 51 183 194
31 53 70 92
31 54 68 72
31 55 122 152
31 56 43 46
31 57 84 117
31 58 82 97
32 33 47 57
32 34 58 59
32 35 52 55
32 36 94 104
32 37 125 159
32 40 70 99
32 41 76 82
32 42 51 59
32 43 9 10
32 44 28 39
32 47 53 57
32 49 60 82
32 51 164 182
32 54 56 83
32 57 51 52
32 58 41 54
33 34 11 12
33 35 94 122
33 36 87 103
33 37 135 182
33 38 12 17
33 39 97 144
33 40 107 148
33 41 113 152
33 45 17 20
33 46 108 132
33 47 89 129
33 48 97 100
33 49 20 22
33 50 41 56
33 51 163 222
33 52 61 75
33 54 87 118
33 55 110 123
33 57 96 129
34 35 105 129
34 36 89 118
34 38 15 22
34 41 123 139
34 46 117 127
34 48 106 125
34 50 40 46
34 52 71 90
34 53 72 93
34 54 96 130
34 56 72 94
34 58 88 105
35 36 97 140
35 37 101 111
35 38 93 115
35 43 43 50
35 46 31 32
35 48 26 27
35 51 148 157
35 52 57 70
35 55 62 76
35 56 95 126
35 58 19 23
36 37 56 79
36 38 75 106
36 40 92 126
36 42 100 111
36 43 91 128
36 44 67 92
36 47 82 122
36 48 77 94
36 49 106 121
36 50 128 172
36 51 76 81
36 53 67 86
36 55 56 68
36 56 141 156
36 57 137 153
37 38 124 175
37 39 69 80
37 40 85 101
37 42 148 187
37 45 151 185
37 46 73 92
37 47 86 98
37 48 75 101
37 49 155 231
37 50 175 223
37 51 48 53
37 54 177 191
37 55 39 44
37 57 152 214
38 39 91 132
38 40 104 139
38 41 109 131
38 43 56 65
38 45 29 40
38 46 103 127
38 47 86 114
38 48 92 106
38 49 31 31
38 51 152 155
38 52 67 75
38 53 59 74
38 54 96 121
38 55 102 105
38 56 76 94
38 57 101 116
38 58 75 101
39 40 21 21
39 41 22 28
39 45 110 134
39 46 13 18
39 48 6 7
39 50 132 158
39 51 116 148
39 52 79 84
39 53 34 49
39 58 26 35
40 41 6 8
40 43 60 65
40 44 71 89
40 45 118 163
40 49 125 143
40 50 138 164
40 53 45 45
40 57 73 100
40 58 29 30
41 42 123 152
41 43 66 76
41 44 76 84
41 46 10 10
41 47 24 27
41 49 131 161
41 51 131 142
41 52 84 114
41 53 50 62
41 55 45 51
41 58 35 48
42 43 60 67
42 44 48 49
42 46 119 161
42 47 99 142
42 48 107 137
42 49 8 9
42 50 27 28
42 52 62 81
42 53 73 73
42 54 83 84
42 55 122 143
42 56 58 81
42 58 87 107
43 44 29 33
43 45 61 70
43 46 65 79
43 47 43 58
43 48 55 63
43 49 69 76
43 50 79 90
43 51 159 179
43 52 24 24
43 53 28 40
43 54 60 84
43 57 48 52
44 45 50 71
44 51 140 160
44 52 49 53
44 53 26 31
44 54 84 116
44 55 75 95
44 56 74 100
44 57 77 108
45 46 121 130
45 47 100 114
45 50 24 34
45 51 181 246
45 53 75 98
45 54 81 102
45 56 55 58
45 57 96 111
46 47 22 26
46 48 11 15
46 49 127 176
46 50 142 174
46 52 85 100
46 55 35 40
47 48 13 14
47 50 120 144
47 52 62 88
47 55 48 62
47 57 65 79
47 58 11 11
48 49 116 135
48 50 130 182
48 52 75 91
48 54 107 153
48 57 78 85
48 58 22 27
49 50 22 28
49 52 69 80
49 53 82 98
49 55 130 180
49 56 61 76
50 51 204 268
50 53 97 132
50 54 81 104
50 56 51 68
50 58 109 159
51 52 183 190
51 53 131 184
51 54 219 328
51 57 198 293
52 53 52 71
52 54 36 39
52 55 106 151
52 57 35 35
52 58 53 56
53 54 88 118
53 55 55 63
53 56 86 123
54 55 140 149
54 56 30 40
54 57 37 51
54 58 86 99
55 56 141 200
55 57 114 128
55 58 54 59
56 57 60 63
56 58 90 93
57 58 60 76
