59
99
80
41
15
4
17
50
26
52
3
39
31
56
6
21
33
25
51
57
43
36
58
49
30
28
8
23
27
24
1
55
54
19
5
16
14
13
38
11
44
34
22
41
45
5
16
23
45
1
9
0 1 146 216
0 3 181 228
0 4 77 108
0 6 76 106
0 8 195 288
0 9 151 181
0 10 49 63
0 12 64 71
0 13 114 166
0 15 108 132
0 16 135 187
0 20 18 20
0 21 153 180
0 25 37 37
0 26 219 266
0 29 57 65
0 32 74 80
0 34 58 61
0 37 189 252
0 39 140 181
0 41 151 210
0 42 44 46
0 44 85 121
0 46 149 166
0 48 138 153
0 49 40 48
0 50 19 19
0 52 71 92
0 53 106 146
0 54 72 104
0 55 160 196
0 57 101 114
1 2 35 38
1 3 40 51
1 5 40 41
1 8 67 70
1 9 30 41
1 10 109 122
1 11 99 142
1 14 165 200
1 17 154 163
1 18 92 113
1 21 20 23
1 23 113 138
1 26 86 118
1 29 88 101
1 31 108 153
1 32 78 113
1 36 46 48
1 37 47 68
1 38 87 98
1 39 27 28
1 41 47 66
1 43 71 91
1 46 37 39
1 48 33 35
1 49 116 172
1 50 134 176
1 53 43 48
1 54 130 165
1 56 129 173
1 57 106 156
1 58 45 66
2 3 69 94
2 4 69 95
2 7 45 50
2 8 100 116
2 10 100 121
2 11 79 98
2 12 97 138
2 14 158 190
2 15 43 63
2 16 19 25
2 17 160 183
2 21 20 21
2 23 119 133
2 25 147 189
2 26 115 129
2 27 110 120
2 32 71 83
2 33 104 143
2 34 113 124
2 35 28 31
2 37 74 77
2 38 99 111
2 39 10 14
2 40 12 15
2 42 114 138
2 43 61 78
2 46 4 4
2 52 81 105
2 53 41 45
2 56 119 171
3 4 120 140
3 6 189 190
3 7 91 123
3 8 31 39
3 10 149 209
3 11 140 179
3 12 152 182
3 13 67 86
3 14 203 272
3 15 105 150
3 16 88 119
3 18 122 155
3 20 195 237
3 21 49 56
3 23 146 211
3 25 169 190
3 26 46 53
3 27 160 200
3 29 125 144
3 31 143 150
3 32 118 133
3 34 131 170
3 35 96 100
3 38 117 160
3 40 81 117
3 41 78 80
3 42 140 145
3 43 111 149
3 44 97 115
3 46 69 102
3 47 81 83
3 48 70 86
3 49 148 177
3 51 52 77
3 52 135 197
3 53 83 119
3 54 170 181
3 58 86 128
4 5 71 89
4 7 29 38
4 8 141 179
4 9 96 109
4 10 31 34
4 11 27 33
4 12 32 33
4 13 57 58
4 14 89 111
4 15 31 36
4 16 58 68
4 18 57 82
4 19 11 13
4 20 94 128
4 21 81 104
4 27 41 42
4 28 63 68
4 29 30 34
4 32 6 7
4 33 53 54
4 35 49 57
4 39 66 95
4 40 67 95
4 42 57 81
4 43 9 10
4 44 33 38
4 45 57 77
4 47 51 64
4 49 65 93
4 50 73 77
4 51 167 186
4 53 37 40
4 54 52 61
4 57 45 62
5 6 128 184
5 7 48 56
5 8 104 125
5 9 71 95
5 10 102 111
5 11 79 109
5 14 160 166
5 15 43 49
5 18 107 150
5 20 164 220
5 21 24 33
5 23 122 141
5 24 69 87
5 25 151 154
5 26 119 136
5 28 134 176
5 29 92 111
5 31 113 147
5 32 73 104
5 33 108 129
5 34 117 141
5 36 86 93
5 39 15 17
5 40 8 11
5 41 7 9
5 42 118 172
5 44 71 77
5 45 119 166
5 46 4 5
5 47 20 21
5 49 126 151
5 50 140 195
5 51 126 142
5 53 44 51
5 54 111 141
5 56 120 128
6 7 98 137
6 8 212 316
6 10 50 65
6 11 50 58
6 15 86 125
6 16 112 121
6 19 74 93
6 20 92 101
6 21 146 155
6 22 121 125
6 23 95 126
6 24 190 215
6 25 110 154
6 26 234 282
6 27 43 49
6 28 53 58
6 29 83 93
6 30 109 143
6 33 101 103
6 34 110 112
6 35 101 109
6 36 169 194
6 38 111 163
6 39 130 166
6 41 128 163
6 42 96 103
6 43 79 115
6 48 125 131
6 49 99 130
6 50 89 99
6 51 238 280
6 52 54 58
6 53 106 116
6 54 18 22
6 55 158 180
6 56 38 48
6 57 51 74
7 8 114 166
7 9 69 92
7 10 59 64
7 11 50 50
7 13 32 43
7 15 26 36
7 16 40 56
7 17 115 140
7 19 24 32
7 20 117 165
7 22 49 51
7 23 74 85
7 26 135 154
7 29 44 46
7 30 57 81
7 34 70 75
7 35 35 39
7 38 58 74
7 39 39 42
7 40 47 48
7 41 53 56
7 43 20 23
7 44 25 37
7 45 71 76
7 46 49 54
7 48 38 38
7 49 78 84
7 50 92 131
7 54 80 93
7 55 62 66
7 57 62 64
7 58 17 19
8 9 45 59
8 10 168 192
8 11 164 208
8 12 174 231
8 13 85 88
8 14 219 221
8 15 132 140
8 16 118 151
8 17 193 287
8 19 138 192
8 21 79 111
8 22 114 119
8 23 157 163
8 24 41 44
8 25 176 254
8 26 25 26
8 28 194 272
8 29 141 174
8 31 157 217
8 33 138 155
8 34 140 144
8 35 124 159
8 36 51 67
8 37 31 33
8 38 126 152
8 39 93 116
8 40 111 135
8 41 109 159
8 43 133 157
8 44 114 136
8 46 99 145
8 47 109 131
8 49 157 211
8 50 179 229
8 51 26 31
8 52 157 184
8 55 64 80
8 56 188 246
8 58 112 130
9 10 123 150
9 11 120 142
9 13 39 46
9 15 90 117
9 16 82 104
9 20 163 230
9 23 114 157
9 26 69 71
9 30 101 128
9 33 95 96
9 35 86 90
9 36 18 19
9 40 78 82
9 42 108 135
9 44 69 97
9 45 112 123
9 46 68 100
9 47 70 98
9 49 115 120
9 50 136 170
9 51 71 93
9 52 112 146
9 53 61 88
9 54 149 191
9 55 38 50
9 56 142 177
10 11 35 49
10 12 18 22
10 13 83 103
10 15 60 64
10 18 59 76
10 20 68 77
10 26 191 282
10 27 11 14
10 28 32 33
10 29 32 36
10 34 60 84
10 36 121 124
10 37 156 226
10 38 60 68
10 39 97 120
10 42 48 54
10 45 45 56
10 46 104 108
10 50 51 57
10 52 22 32
10 53 66 87
10 57 52 71
11 12 21 22
11 13 82 108
11 14 87 94
11 15 36 43
11 17 111 137
11 18 82 98
11 23 80 119
11 24 140 183
11 26 185 250
11 27 40 46
11 28 64 91
11 32 33 37
11 34 87 105
11 36 124 159
11 38 82 86
11 39 80 104
11 40 73 109
11 41 80 111
11 43 33 42
11 44 61 89
11 52 16 20
11 54 32 44
11 55 108 158
11 56 45 54
11 57 19 24
11 58 54 55
12 13 90 101
12 15 54 64
12 16 82 116
12 17 93 111
12 19 38 44
12 21 111 127
12 22 92 118
12 23 66 93
12 25 89 132
12 27 19 20
12 31 51 54
12 32 36 41
12 33 68 93
12 34 78 90
12 35 72 105
12 37 159 195
12 42 66 88
12 43 41 54
12 44 64 95
12 46 100 142
12 47 79 82
12 48 91 129
12 49 71 93
12 50 69 96
12 52 17 20
12 54 20 22
12 55 123 172
12 56 24 30
12 57 36 37
12 58 69 91
13 14 136 187
13 15 57 62
13 17 120 156
13 18 59 73
13 23 80 98
13 25 106 150
13 28 110 159
13 29 57 73
13 32 53 69
13 33 62 91
13 35 59 63
13 37 74 86
13 38 53 75
13 39 42 61
13 40 61 61
13 42 75 100
13 43 49 69
13 45 78 104
13 46 56 57
13 47 45 46
13 48 46 50
13 51 111 118
13 52 73 104
13 53 25 31
13 54 110 157
13 56 103 103
13 57 95 126
13 58 40 46
14 15 117 173
14 17 58 58
14 19 98 143
14 21 170 247
14 22 156 190
14 23 67 94
14 24 208 230
14 25 66 81
14 26 243 313
14 27 48 51
14 29 78 100
14 30 151 202
14 31 62 77
14 33 83 98
14 34 86 107
14 36 169 212
14 38 95 132
14 41 162 233
14 43 97 137
14 46 162 228
14 47 140 167
14 48 152 207
14 49 69 97
14 53 123 175
14 54 64 87
14 55 178 253
14 57 99 111
14 58 129 165
15 16 28 41
15 18 82 87
15 19 19 21
15 21 60 74
15 22 38 45
15 23 90 125
15 24 105 148
15 25 118 121
15 26 151 192
15 27 69 92
15 31 77 89
15 33 80 90
15 35 18 21
15 38 80 103
15 41 45 64
15 42 86 89
15 43 26 37
15 45 87 124
15 46 47 66
15 48 39 43
15 50 104 128
15 51 157 190
15 55 73 86
15 57 41 58
16 17 154 203
16 18 102 103
16 19 47 50
16 20 153 229
16 21 39 46
16 22 10 10
16 26 134 148
16 28 120 174
16 29 83 100
16 30 20 25
16 31 103 125
16 33 101 127
16 35 10 11
16 39 25 25
16 40 10 10
16 42 110 123
16 43 51 61
16 45 111 114
16 46 21 31
16 47 14 18
16 48 19 25
16 49 118 161
16 50 130 148
16 51 141 147
16 54 95 125
16 56 105 153
17 18 62 69
17 20 23 27
17 21 165 218
17 24 193 245
17 27 74 81
17 30 166 217
17 31 51 55
17 32 93 125
17 33 58 81
17 34 53 61
17 35 146 167
17 36 141 145
17 38 67 72
17 39 154 183
17 40 162 166
17 41 168 229
17 46 164 167
17 48 153 165
17 49 38 38
17 50 24 33
17 51 217 266
17 52 96 135
17 54 104 151
17 55 168 243
17 58 132 134
18 19 67 97
18 21 105 137
18 24 131 188
18 26 157 159
18 28 69 71
18 29 29 31
18 30 118 168
18 33 8 9
18 36 80 103
18 38 5 7
18 39 96 136
18 41 113 160
18 43 58 73
18 44 36 53
18 45 24 32
18 46 108 122
18 47 89 112
18 50 47 55
18 51 157 192
18 52 67 70
18 53 63 80
18 54 95 119
18 55 107 127
18 56 73 79
18 57 101 126
19 20 106 126
19 22 58 77
19 23 71 77
19 24 117 171
19 25 99 104
19 27 50 55
19 28 73 108
19 29 41 50
19 30 57 70
19 31 58 77
19 32 16 16
19 35 38 40
19 37 121 123
19 41 63 74
19 42 68 74
19 45 68 77
19 46 64 76
19 47 41 56
19 48 54 72
19 49 76 79
19 51 164 210
19 53 32 34
19 54 55 66
19 58 31 32
20 21 169 175
20 22 163 203
20 24 202 274
20 28 41 57
20 29 73 101
20 31 52 65
20 32 91 133
20 37 202 292
20 39 157 168
20 40 162 230
20 42 54 56
20 48 155 217
20 49 48 49
20 50 26 29
20 53 122 154
20 55 175 201
20 56 60 80
20 57 119 154
20 58 133 177
21 22 34 43
21 23 124 139
21 26 95 124
21 28 143 195
21 31 117 131
21 33 107 129
21 34 115 122
21 35 47 55
21 37 54 61
21 39 16 17
21 41 29 34
21 43 72 106
21 45 121 156
21 46 19 27
21 47 34 36
21 50 144 176
21 52 95 129
21 53 47 60
21 54 128 184
21 58 42 58
22 23 123 171
22 25 151 174
22 27 108 159
22 28 131 179
22 29 92 97
22 31 112 159
22 33 110 141
22 34 119 126
22 35 20 20
22 37 88 113
22 38 106 119
22 40 3 3
22 41 7 9
22 42 119 141
22 43 61 83
22 44 73 73
22 45 120 168
22 50 140 140
22 53 47 50
22 54 105 128
22 56 115 167
22 58 31 41
23 24 153 162
23 26 181 210
23 27 52 54
23 29 31 45
23 36 105 129
23 37 153 199
23 39 113 129
23 44 53 69
23 45 3 3
23 46 123 133
23 51 182 262
23 55 128 147
23 57 99 119
23 58 92 127
24 25 178 252
24 27 163 168
24 28 182 200
24 33 135 198
24 36 61 90
24 37 10 14
24 38 125 186
24 41 73 89
24 42 148 196
24 43 114 159
24 45 151 170
24 46 64 74
24 50 175 222
24 51 58 77
24 52 138 164
24 53 86 106
24 54 172 187
24 55 32 38
24 56 172 249
24 57 146 163
24 58 86 125
25 26 201 214
25 28 58 78
25 29 59 60
25 31 41 59
25 34 37 52
25 35 135 158
25 36 125 136
25 37 177 219
25 38 52 65
25 41 156 193
25 42 32 43
25 43 92 119
25 44 80 95
25 48 140 199
25 49 24 26
25 50 21 24
25 51 201 274
25 54 102 115
25 57 123 176
25 58 120 163
26 27 202 262
26 30 150 180
26 31 181 259
26 32 161 175
26 33 163 200
26 34 165 174
26 35 142 208
26 36 76 111
26 37 41 59
26 41 123 182
26 42 176 229
26 43 155 219
26 44 138 170
26 45 180 264
26 46 114 128
26 47 127 167
26 48 116 158
26 52 179 229
26 53 127 174
26 55 80 112
26 56 211 297
26 57 193 285
27 28 24 33
27 29 41 56
27 30 103 151
27 34 67 84
27 35 87 107
27 36 132 177
27 38 68 97
27 39 108 123
27 40 107 148
27 43 50 74
27 44 65 95
27 45 50 69
27 46 114 136
27 47 92 99
27 49 56 76
27 50 51 58
27 51 205 263
27 52 30 40
27 53 77 84
27 54 31 33
27 57 56 57
28 29 53 75
28 30 127 182
28 32 62 63
28 36 144 203
28 37 184 234
28 38 73 77
28 44 80 80
28 45 47 70
28 52 53 79
28 53 97 110
28 55 152 194
28 56 19 22
28 57 79 95
29 30 96 115
29 31 20 27
29 33 23 33
29 34 34 48
29 35 75 76
29 36 92 110
29 37 132 182
29 38 29 30
29 41 97 134
29 42 27 36
29 43 33 33
29 45 28 30
29 48 82 82
29 49 35 51
29 53 49 51
29 54 67 97
29 58 61 77
30 31 115 125
30 32 72 107
30 34 127 178
30 35 22 26
30 36 114 170
30 38 115 118
30 40 24 32
30 44 83 113
30 45 124 134
30 46 36 40
30 47 33 48
30 51 158 228
30 52 73 85
30 54 94 100
30 55 71 105
30 56 110 134
30 58 41 50
31 32 42 53
31 33 22 24
31 38 34 48
31 39 104 131
31 40 111 113
31 42 14 20
31 43 52 65
31 45 12 12
31 47 93 132
31 49 20 23
31 51 183 245
31 53 70 102
31 54 68 92
31 55 122 152
31 57 84 114
32 33 47 63
32 35 52 60
32 36 94 133
32 38 50 60
32 39 67 67
32 40 70 93
32 41 76 110
32 43 9 10
32 49 60 85
32 50 69 94
32 53 35 51
32 55 90 92
32 57 51 75
33 34 11 12
33 35 94 96
33 36 87 96
33 37 135 146
33 40 107 122
33 43 54 73
33 44 37 53
33 45 17 23
33 47 89 103
33 48 97 129
33 50 41 44
33 51 163 234
33 52 61 64
33 54 87 130
33 55 110 127
33 57 96 118
33 58 78 115
34 35 105 106
34 37 139 192
34 40 117 117
34 41 123 139
34 42 15 17
34 47 99 126
34 48 106 125
34 49 18 21
34 50 40 40
34 51 165 176
34 53 72 74
34 55 117 120
34 57 106 142
35 36 97 126
35 37 101 131
35 43 43 47
35 44 60 82
35 45 103 105
35 48 26 26
35 49 111 131
35 50 122 165
35 52 57 61
35 53 37 45
35 54 84 91
35 57 53 58
36 37 56 80
36 39 71 98
36 40 92 122
36 41 93 104
36 42 100 130
36 43 91 95
36 49 106 137
36 50 128 164
36 56 141 195
36 57 137 137
36 58 80 112
37 38 124 171
37 39 69 80
37 40 85 102
37 43 118 136
37 44 104 153
37 45 151 158
37 47 86 124
37 48 75 78
37 49 155 210
37 52 142 162
37 53 90 108
37 54 177 240
37 56 176 236
38 39 91 109
38 41 109 124
38 43 56 56
38 45 29 39
38 46 103 103
38 47 86 112
38 50 52 68
38 51 152 201
38 52 67 88
38 56 76 108
38 57 101 147
38 58 75 94
39 40 21 30
39 43 57 57
39 44 60 63
39 45 110 151
39 46 13 18
39 47 18 20
39 48 6 7
39 49 116 119
39 50 132 150
39 51 116 146
39 53 34 36
40 41 6 7
40 44 71 86
40 45 118 164
40 48 15 19
40 51 134 199
40 52 77 78
40 53 45 61
40 54 105 148
40 55 47 60
40 57 73 107
41 42 123 159
41 44 76 77
41 45 124 167
41 49 131 166
41 50 145 212
41 51 131 170
41 52 84 98
41 53 50 66
41 54 111 139
42 43 60 79
42 44 48 56
42 45 4 5
42 46 119 124
42 50 27 34
42 51 177 182
42 52 62 69
42 53 73 86
42 54 83 121
42 55 122 148
43 44 29 32
43 45 61 83
43 46 65 73
43 47 43 60
43 48 55 77
43 50 79 83
43 51 159 230
43 53 28 38
43 54 60 73
43 56 59 88
43 57 48 63
44 45 50 52
44 46 71 75
44 47 53 73
44 48 60 68
44 53 26 26
44 54 84 89
44 55 75 95
44 56 74 97
44 58 43 58
45 46 121 124
45 47 100 108
45 48 109 121
45 49 8 10
45 50 24 30
45 51 181 249
45 52 61 63
45 56 55 64
45 58 89 118
46 47 22 24
46 49 127 166
46 50 142 205
46 54 115 151
46 55 35 38
46 56 122 169
47 48 13 16
47 51 133 175
47 52 62 81
47 55 48 55
47 56 100 133
47 58 11 11
48 49 116 130
48 50 130 189
48 52 75 91
48 53 34 39
48 58 22 30
49 50 22 29
49 53 82 102
49 54 88 117
49 55 130 158
49 56 61 64
49 57 104 146
49 58 96 107
50 51 204 230
50 52 72 84
50 53 97 131
50 56 51 68
50 57 104 115
50 58 109 111
51 52 183 239
51 53 131 132
51 56 214 233
51 58 137 158
52 53 52 63
52 54 36 45
52 55 106 107
52 56 38 49
52 58 53 58
53 54 88 121
53 55 55 55
53 56 86 87
54 55 140 167
54 56 30 30
54 58 86 94
55 56 141 162
55 57 114 122
55 58 54 71
56 57 60 71
56 58 90 126
57 58 60 61
